2.31466e+06
2.22445e+06
2.26137e+06
2.27057e+06
2.22199e+06
2.24324e+06
2.31023e+06
2.17283e+06
2.13578e+06
2.21598e+06
2.14453e+06
2.2841e+06
2.27083e+06
2.39822e+06
2.24842e+06
2.35136e+06
2.28618e+06
2.32579e+06
2.3097e+06
2.25641e+06
2.24588e+06
2.2035e+06
2.2862e+06
2.23982e+06
2.24566e+06
2.21513e+06
2.22177e+06
2.10943e+06
2.22379e+06
2.26208e+06
2.24297e+06
2.26836e+06
2.22076e+06
2.27439e+06
2.25607e+06
2.21871e+06
2.22737e+06
2.24137e+06
2.26999e+06
2.22727e+06
2.35975e+06
2.25347e+06
2.15103e+06
2.21962e+06
2.24784e+06
2.30667e+06
2.16506e+06
2.18762e+06
2.29882e+06
2.25767e+06
2.31584e+06
2.25208e+06
2.28742e+06
2.24806e+06
2.23499e+06
2.2713e+06
2.30476e+06
2.23738e+06
2.27626e+06
2.17345e+06
2.26724e+06
2.24045e+06
2.29471e+06
2.22283e+06
2.24143e+06
2.2699e+06
2.22744e+06
2.27154e+06
2.2588e+06
2.29955e+06
2.15915e+06
2.27577e+06
2.33945e+06
2.28835e+06
2.23559e+06
2.18126e+06
2.19636e+06
2.32649e+06
2.2093e+06
2.17693e+06
2.234e+06
2.30629e+06
2.16555e+06
2.20312e+06
2.21337e+06
2.28724e+06
2.29006e+06
2.24614e+06
2.32128e+06
2.28891e+06
2.35706e+06
2.29112e+06
2.26956e+06
2.17568e+06
2.27297e+06
2.18945e+06
2.32805e+06
2.17904e+06
2.36054e+06
2.20744e+06
2.23045e+06
2.2672e+06
2.3134e+06
2.28523e+06
2.23068e+06
2.27473e+06
2.15772e+06
2.18552e+06
2.30152e+06
2.20782e+06
2.36886e+06
2.26833e+06
2.18294e+06
2.2748e+06
2.12857e+06
2.28229e+06
2.25333e+06
2.20722e+06
2.27736e+06
2.25027e+06
2.17045e+06
2.29086e+06
2.20306e+06
2.30551e+06
2.27723e+06
2.28631e+06
2.25774e+06
2.25966e+06
2.22387e+06
2.30238e+06
2.21988e+06
2.32647e+06
2.23364e+06
2.18235e+06
2.21338e+06
2.18861e+06
2.27679e+06
2.20156e+06
2.27817e+06
2.26353e+06
2.23455e+06
2.25998e+06
2.21491e+06
2.25191e+06
2.13685e+06
2.258e+06
2.22929e+06
2.32618e+06
2.27256e+06
2.26645e+06
2.14515e+06
2.27869e+06
2.22115e+06
2.30828e+06
2.2695e+06
2.20844e+06
2.2645e+06
2.34497e+06
2.26267e+06
2.22604e+06
2.27894e+06
2.22525e+06
2.27347e+06
2.28215e+06
2.23251e+06
2.14233e+06
2.17678e+06
2.27897e+06
2.24639e+06
2.22135e+06
2.26234e+06
2.29488e+06
2.29604e+06
2.24668e+06
2.29947e+06
2.27509e+06
2.31692e+06
2.22315e+06
2.24137e+06
2.3665e+06
2.29367e+06
2.28191e+06
2.30186e+06
2.22438e+06
2.31092e+06
2.25818e+06
2.16129e+06
2.23213e+06
2.33706e+06
2.20211e+06
2.12502e+06
2.28257e+06
2.19119e+06
2.31641e+06
2.23821e+06
2.29172e+06
2.20364e+06
2.27216e+06
2.24188e+06
2.24289e+06
2.21324e+06
2.26961e+06
2.26193e+06
2.10823e+06
2.2143e+06
2.25757e+06
2.23016e+06
2.31441e+06
2.2448e+06
2.28242e+06
2.21941e+06
2.30928e+06
2.28641e+06
2.29226e+06
2.27623e+06
2.35828e+06
2.30282e+06
2.27365e+06
2.13517e+06
2.24551e+06
2.21079e+06
2.20746e+06
2.18601e+06
2.22441e+06
2.27048e+06
2.25759e+06
2.21204e+06
2.282e+06
2.26492e+06
2.26278e+06
2.24068e+06
2.26758e+06
2.26973e+06
2.3858e+06
2.21611e+06
2.19944e+06
2.15526e+06
2.30162e+06
2.27803e+06
2.15769e+06
2.25259e+06
2.24407e+06
2.32841e+06
2.26075e+06
2.09256e+06
2.33737e+06
2.21614e+06
2.28003e+06
2.23296e+06
2.29131e+06
2.24977e+06
2.21628e+06
2.30009e+06
2.27578e+06
2.26784e+06
2.30286e+06
2.30734e+06
2.22814e+06
2.26205e+06
2.17811e+06
2.24643e+06
2.24144e+06
2.27482e+06
2.24838e+06
2.28026e+06
2.19476e+06
2.20185e+06
2.31364e+06
2.31608e+06
2.23765e+06
2.31194e+06
2.19408e+06
2.21667e+06
2.27805e+06
2.29089e+06
2.2292e+06
2.26137e+06
2.32704e+06
2.23394e+06
2.20176e+06
2.25338e+06
2.20916e+06
2.15156e+06
2.2913e+06
2.231e+06
2.22273e+06
2.26929e+06
2.29694e+06
2.19827e+06
2.29754e+06
2.25713e+06
2.34032e+06
2.25376e+06
2.20807e+06
2.40165e+06
2.14313e+06
2.23247e+06
2.13148e+06
2.25855e+06
2.2041e+06
2.25847e+06
2.27491e+06
2.27581e+06
2.23903e+06
2.2631e+06
2.25725e+06
2.20536e+06
2.24376e+06
2.22778e+06
2.25117e+06
2.21567e+06
2.18788e+06
2.21472e+06
2.2813e+06
2.21714e+06
2.23966e+06
2.28335e+06
2.33165e+06
2.18985e+06
2.21997e+06
2.40593e+06
2.18379e+06
2.19928e+06
2.23439e+06
2.28513e+06
2.27479e+06
2.19596e+06
2.24377e+06
2.28867e+06
2.2568e+06
2.28122e+06
2.29681e+06
2.32598e+06
2.30204e+06
2.1858e+06
2.25266e+06
2.29767e+06
2.1863e+06
2.28662e+06
2.2878e+06
2.25384e+06
2.25722e+06
2.2423e+06
2.25724e+06
2.15308e+06
2.22916e+06
2.26264e+06
2.20622e+06
2.26155e+06
2.2341e+06
2.30456e+06
2.19776e+06
2.29278e+06
2.17621e+06
2.20127e+06
2.24454e+06
2.30333e+06
2.26829e+06
2.27346e+06
2.27149e+06
2.25709e+06
2.19328e+06
2.20072e+06
2.14183e+06
2.25458e+06
2.28009e+06
2.25069e+06
2.17303e+06
2.27291e+06
2.19043e+06
2.30589e+06
2.23707e+06
2.30685e+06
2.27709e+06
2.23984e+06
2.2832e+06
2.2747e+06
2.22022e+06
2.35545e+06
2.25319e+06
2.23462e+06
2.25682e+06
2.29557e+06
2.35035e+06
2.2562e+06
2.23308e+06
2.23951e+06
2.28814e+06
2.21381e+06
2.34807e+06
2.29131e+06
2.29429e+06
2.29967e+06
2.35287e+06
2.19082e+06
2.37293e+06
2.30718e+06
2.228e+06
2.29741e+06
2.21476e+06
2.18181e+06
2.26882e+06
2.3387e+06
2.3123e+06
2.27293e+06
2.28493e+06
2.14965e+06
2.30453e+06
2.27131e+06
2.29e+06
2.14136e+06
2.28705e+06
2.26187e+06
2.20455e+06
2.22879e+06
2.26215e+06
2.3257e+06
2.20288e+06
2.21625e+06
2.2643e+06
2.26167e+06
2.16356e+06
2.3253e+06
2.29505e+06
2.24436e+06
2.22161e+06
2.19579e+06
2.28215e+06
2.25466e+06
2.24408e+06
2.32943e+06
2.25564e+06
2.24955e+06
2.33101e+06
2.2006e+06
2.33803e+06
2.2274e+06
2.24455e+06
2.13584e+06
2.17398e+06
2.33415e+06
2.18986e+06
2.35487e+06
2.25488e+06
2.35054e+06
2.30068e+06
2.27873e+06
2.24316e+06
2.2299e+06
2.21679e+06
2.1957e+06
2.29956e+06
2.20586e+06
2.26878e+06
2.30665e+06
2.19342e+06
2.35851e+06
2.21195e+06
2.15019e+06
2.28604e+06
2.29706e+06
2.33626e+06
2.32222e+06
2.32344e+06
2.20097e+06
2.27061e+06
2.18679e+06
2.29051e+06
2.16991e+06
2.35069e+06
2.18403e+06
2.30128e+06
2.14647e+06
2.3214e+06
2.18927e+06
2.28347e+06
2.33431e+06
2.2299e+06
2.24204e+06
2.28519e+06
2.27088e+06
2.33922e+06
2.21074e+06
2.1283e+06
2.33066e+06
2.26861e+06
2.21172e+06
2.29339e+06
2.22697e+06
2.285e+06
2.26331e+06
2.1586e+06
2.25571e+06
2.31161e+06
2.31918e+06
2.216e+06
2.26134e+06
2.29238e+06
2.23967e+06
2.32281e+06
2.19431e+06
2.25323e+06
2.2651e+06
2.17898e+06
2.3011e+06
2.2535e+06
2.27177e+06
2.36183e+06
2.23322e+06
2.23461e+06
2.24021e+06
2.19594e+06
2.19993e+06
2.1868e+06
2.20401e+06
2.31847e+06
2.23424e+06
2.20358e+06
2.29794e+06
2.27468e+06
2.26284e+06
2.30614e+06
2.21712e+06
2.22205e+06
2.19601e+06
2.21217e+06
2.18852e+06
2.23556e+06
2.26093e+06
2.22737e+06
2.26136e+06
2.26556e+06
2.23008e+06
2.25128e+06
2.3369e+06
2.14865e+06
2.31099e+06
2.24807e+06
2.27643e+06
2.26004e+06
2.22077e+06
2.17642e+06
2.29624e+06
2.23288e+06
2.2844e+06
2.20539e+06
2.21241e+06
2.2064e+06
2.30325e+06
2.22604e+06
2.18969e+06
2.27376e+06
2.24914e+06
2.21132e+06
2.30518e+06
2.27764e+06
2.29823e+06
2.25438e+06
2.19055e+06
2.2444e+06
2.29063e+06
2.25807e+06
2.19676e+06
2.22194e+06
2.24279e+06
2.31906e+06
2.15804e+06
2.24241e+06
2.31402e+06
2.28874e+06
2.223e+06
2.1863e+06
2.30741e+06
2.14781e+06
2.22843e+06
2.24072e+06
2.3008e+06
2.25445e+06
2.28519e+06
2.27497e+06
2.25898e+06
2.19926e+06
2.23603e+06
2.20384e+06
2.25404e+06
2.18706e+06
2.24429e+06
2.23925e+06
2.2811e+06
2.31151e+06
2.26977e+06
2.23902e+06
2.22794e+06
2.28067e+06
2.28732e+06
2.25929e+06
2.2803e+06
2.27226e+06
2.21855e+06
2.20101e+06
2.26596e+06
2.32832e+06
2.19935e+06
2.29911e+06
2.28951e+06
2.16651e+06
2.3399e+06
2.23143e+06
2.23997e+06
2.2722e+06
2.32403e+06
2.24418e+06
2.19855e+06
2.25531e+06
2.29573e+06
2.27339e+06
2.30183e+06
2.27347e+06
2.25754e+06
2.21159e+06
2.23613e+06
2.13935e+06
2.27884e+06
2.23165e+06
2.27734e+06
2.28516e+06
2.24033e+06
2.35968e+06
2.21157e+06
2.3326e+06
2.26956e+06
2.23228e+06
2.28724e+06
2.23006e+06
2.35939e+06
2.23337e+06
2.2344e+06
2.28254e+06
2.23445e+06
2.28874e+06
2.23245e+06
2.19966e+06
2.34016e+06
2.2524e+06
2.24827e+06
2.22828e+06
2.16945e+06
2.25292e+06
2.23633e+06
2.21646e+06
2.29108e+06
2.20911e+06
2.39415e+06
2.20805e+06
2.2324e+06
2.23361e+06
2.21264e+06
2.21839e+06
2.33454e+06
2.24994e+06
2.27972e+06
2.15699e+06
2.20708e+06
2.33826e+06
2.28411e+06
2.21441e+06
2.20872e+06
2.19219e+06
2.21987e+06
2.20301e+06
2.28187e+06
2.29253e+06
2.24836e+06
2.22708e+06
2.2546e+06
2.26041e+06
2.19009e+06
2.18054e+06
2.28643e+06
2.2731e+06
2.30072e+06
2.21493e+06
2.2287e+06
2.16891e+06
2.20653e+06
2.25794e+06
2.26642e+06
2.25933e+06
2.23685e+06
2.18582e+06
2.2445e+06
2.27082e+06
2.19794e+06
2.25401e+06
2.35893e+06
2.28635e+06
2.34e+06
2.27222e+06
2.23228e+06
2.19458e+06
2.31992e+06
2.19081e+06
2.27161e+06
2.22415e+06
2.21406e+06
2.24942e+06
2.3119e+06
2.25846e+06
2.2092e+06
2.29464e+06
2.20313e+06
2.22395e+06
2.24169e+06
2.20691e+06
2.23892e+06
2.18832e+06
2.29791e+06
2.28435e+06
2.32348e+06
2.1848e+06
2.26561e+06
2.26819e+06
2.27551e+06
2.26671e+06
2.23619e+06
2.27237e+06
2.26963e+06
2.2259e+06
2.27428e+06
2.19377e+06
2.38512e+06
2.28181e+06
2.24695e+06
2.2756e+06
2.14614e+06
2.16806e+06
2.25815e+06
2.25115e+06
2.2576e+06
2.23771e+06
2.27967e+06
2.26811e+06
2.2244e+06
2.27434e+06
2.40374e+06
2.17088e+06
2.27017e+06
2.30349e+06
2.26253e+06
2.23212e+06
2.19557e+06
2.16792e+06
2.19114e+06
2.26083e+06
2.21792e+06
2.25219e+06
2.24605e+06
2.32491e+06
2.22843e+06
2.23038e+06
2.22756e+06
2.2296e+06
2.23561e+06
2.19253e+06
2.18343e+06
2.23398e+06
2.18492e+06
2.30357e+06
2.23582e+06
2.22925e+06
2.24832e+06
2.24955e+06
2.30863e+06
2.2617e+06
2.22774e+06
2.2134e+06
2.26727e+06
2.29758e+06
2.28283e+06
2.32571e+06
2.26783e+06
2.27728e+06
2.19636e+06
2.20386e+06
2.17854e+06
2.22255e+06
2.13792e+06
2.17983e+06
2.13647e+06
2.28553e+06
2.21692e+06
2.18044e+06
2.31634e+06
2.26207e+06
2.19397e+06
2.28385e+06
2.2859e+06
2.28583e+06
2.23921e+06
2.28284e+06
2.23989e+06
2.16815e+06
2.23799e+06
2.17036e+06
2.2485e+06
2.36612e+06
2.30479e+06
2.17259e+06
2.27301e+06
2.20886e+06
2.3197e+06
2.1877e+06
2.21745e+06
2.17764e+06
2.36374e+06
2.27851e+06
2.23622e+06
2.21224e+06
2.2586e+06
2.26124e+06
2.38294e+06
2.23671e+06
2.2432e+06
2.30321e+06
2.22399e+06
2.25159e+06
2.23404e+06
2.3208e+06
2.21671e+06
2.24526e+06
2.22857e+06
2.23637e+06
2.26257e+06
2.15639e+06
2.29942e+06
2.2116e+06
2.19467e+06
2.29689e+06
2.29572e+06
2.16426e+06
2.30524e+06
2.2715e+06
2.18761e+06
2.21464e+06
2.24722e+06
2.2995e+06
2.25041e+06
2.20673e+06
2.27925e+06
2.26896e+06
2.23002e+06
2.24707e+06
2.32049e+06
2.27933e+06
2.28424e+06
2.26152e+06
2.33253e+06
2.20291e+06
2.24325e+06
2.26451e+06
2.21638e+06
2.30139e+06
2.28329e+06
2.29947e+06
2.31999e+06
2.32076e+06
2.18589e+06
2.22887e+06
2.36818e+06
2.17101e+06
2.16529e+06
2.29905e+06
2.27121e+06
2.26745e+06
2.31729e+06
2.35771e+06
2.24121e+06
2.15163e+06
2.20296e+06
2.27492e+06
2.20547e+06
2.2326e+06
2.27506e+06
2.22986e+06
2.22693e+06
2.28503e+06
2.24334e+06
2.26793e+06
2.3012e+06
2.26309e+06
2.18885e+06
2.29439e+06
2.26976e+06
2.14144e+06
2.23242e+06
2.27452e+06
2.25087e+06
2.3554e+06
2.30936e+06
2.29488e+06
2.24215e+06
2.27442e+06
2.14346e+06
2.22908e+06
2.2784e+06
2.36821e+06
2.16125e+06
2.30508e+06
2.20089e+06
2.20783e+06
2.41685e+06
2.24189e+06
2.2224e+06
2.21643e+06
2.30712e+06
2.26718e+06
2.11661e+06
2.27515e+06
2.2352e+06
2.20056e+06
2.3032e+06
2.16288e+06
2.24249e+06
2.2515e+06
2.31402e+06
2.25107e+06
2.24282e+06
2.25927e+06
2.23987e+06
2.31444e+06
2.2568e+06
2.25157e+06
2.2863e+06
2.18954e+06
2.23379e+06
2.2827e+06
2.24614e+06
2.23746e+06
2.19593e+06
2.27906e+06
2.12715e+06
2.22569e+06
2.24496e+06
2.2494e+06
2.25355e+06
2.15823e+06
2.24448e+06
2.27903e+06
2.24914e+06
2.24463e+06
2.24365e+06
2.21977e+06
2.24602e+06
2.22347e+06
2.19033e+06
2.22068e+06
2.21398e+06
2.23941e+06
2.25807e+06
2.20895e+06
2.30511e+06
2.23179e+06
2.25653e+06
2.26273e+06
2.28815e+06
2.21367e+06
2.29494e+06
2.21331e+06
2.2145e+06
2.29255e+06
2.18815e+06
2.25911e+06
2.22264e+06
2.32327e+06
2.22844e+06
2.27862e+06
2.21467e+06
2.17323e+06
2.23401e+06
2.25158e+06
2.26171e+06
2.28837e+06
2.15141e+06
2.19966e+06
2.20295e+06
2.22628e+06
2.26715e+06
2.32723e+06
2.13867e+06
2.26149e+06
2.21795e+06
2.21518e+06
2.20231e+06
2.24692e+06
2.32875e+06
2.33774e+06
2.28243e+06
2.20637e+06
2.26549e+06
2.32597e+06
