2.26492e+06
2.31472e+06
2.32398e+06
2.24963e+06
2.27152e+06
2.18778e+06
2.31921e+06
2.30404e+06
2.19996e+06
2.15096e+06
2.26491e+06
2.22447e+06
2.12066e+06
2.23952e+06
2.20606e+06
2.23354e+06
2.26567e+06
2.20577e+06
2.20814e+06
2.1476e+06
2.30604e+06
2.29601e+06
2.1888e+06
2.24569e+06
2.25537e+06
2.20244e+06
2.30243e+06
2.26883e+06
2.25033e+06
2.1566e+06
2.23877e+06
2.20437e+06
2.29858e+06
2.3275e+06
2.22825e+06
2.14252e+06
2.24867e+06
2.16962e+06
2.26541e+06
2.16037e+06
2.27793e+06
2.18934e+06
2.13061e+06
2.28092e+06
2.2394e+06
2.31854e+06
2.32812e+06
2.20067e+06
2.25779e+06
2.22939e+06
2.24815e+06
2.22943e+06
2.31378e+06
2.27473e+06
2.22445e+06
2.247e+06
2.28144e+06
2.35158e+06
2.23915e+06
2.15052e+06
2.20438e+06
2.19298e+06
2.29431e+06
2.16258e+06
2.23167e+06
2.23287e+06
2.22445e+06
2.21207e+06
2.30249e+06
2.22562e+06
2.26732e+06
2.28718e+06
2.20822e+06
2.22302e+06
2.20901e+06
2.20277e+06
2.27499e+06
2.17767e+06
2.18445e+06
2.2595e+06
2.24963e+06
2.2695e+06
2.27954e+06
2.23516e+06
2.22551e+06
2.25433e+06
2.28569e+06
2.236e+06
2.29695e+06
2.28181e+06
2.19669e+06
2.29407e+06
2.2321e+06
2.29952e+06
2.23743e+06
2.31427e+06
2.28785e+06
2.28155e+06
2.22654e+06
2.30742e+06
2.25319e+06
2.19496e+06
2.22508e+06
2.36231e+06
2.18627e+06
2.27669e+06
2.25316e+06
2.20602e+06
2.24633e+06
2.22224e+06
2.21475e+06
2.30674e+06
2.29229e+06
2.23177e+06
2.29821e+06
2.24224e+06
2.21529e+06
2.23202e+06
2.2739e+06
2.21437e+06
2.33178e+06
2.24769e+06
2.22009e+06
2.20931e+06
2.26044e+06
2.21506e+06
2.27384e+06
2.25305e+06
2.26341e+06
2.2834e+06
2.26867e+06
2.25561e+06
2.24422e+06
2.33405e+06
2.28959e+06
2.25668e+06
2.12239e+06
2.23335e+06
2.27382e+06
2.23318e+06
2.26102e+06
2.16085e+06
2.26689e+06
2.21171e+06
2.20201e+06
2.23079e+06
2.22661e+06
2.34533e+06
2.23019e+06
2.22835e+06
2.3284e+06
2.23484e+06
2.31754e+06
2.22089e+06
2.3173e+06
2.24416e+06
2.25607e+06
2.26942e+06
2.19818e+06
2.23366e+06
2.29509e+06
2.25735e+06
2.10404e+06
2.16816e+06
2.3382e+06
2.36767e+06
2.25645e+06
2.26578e+06
2.33857e+06
2.32426e+06
2.25153e+06
2.24548e+06
2.26378e+06
2.1964e+06
2.27316e+06
2.23297e+06
2.22955e+06
2.3465e+06
2.19838e+06
2.31374e+06
2.22867e+06
2.23773e+06
2.31699e+06
2.23827e+06
2.23471e+06
2.23586e+06
2.22707e+06
2.31319e+06
2.19911e+06
2.18735e+06
2.19452e+06
2.28207e+06
2.23188e+06
2.34448e+06
2.22819e+06
2.18595e+06
2.20973e+06
2.15065e+06
2.22271e+06
2.32037e+06
2.20872e+06
2.26622e+06
2.24601e+06
2.1958e+06
2.20067e+06
2.26744e+06
2.24602e+06
2.28632e+06
2.21057e+06
2.21096e+06
2.12976e+06
2.27798e+06
2.26407e+06
2.22326e+06
2.31004e+06
2.28153e+06
2.23774e+06
2.28449e+06
2.21625e+06
2.24821e+06
2.20699e+06
2.26839e+06
2.16265e+06
2.22068e+06
2.19305e+06
2.22581e+06
2.30787e+06
2.24555e+06
2.18253e+06
2.19588e+06
2.23201e+06
2.32109e+06
2.22484e+06
2.27403e+06
2.2993e+06
2.22706e+06
2.30507e+06
2.2616e+06
2.25339e+06
2.2377e+06
2.21152e+06
2.25766e+06
2.34932e+06
2.24191e+06
2.30295e+06
2.36894e+06
2.20943e+06
2.24454e+06
2.22461e+06
2.34027e+06
2.22107e+06
2.21213e+06
2.19863e+06
2.17048e+06
2.24732e+06
2.23023e+06
2.24356e+06
2.33672e+06
2.23181e+06
2.23571e+06
2.328e+06
2.18514e+06
2.3145e+06
2.33019e+06
2.22953e+06
2.21561e+06
2.34697e+06
2.20488e+06
2.15731e+06
2.20048e+06
2.2174e+06
2.2437e+06
2.23013e+06
2.2429e+06
2.25871e+06
2.31123e+06
2.1976e+06
2.26087e+06
2.23519e+06
2.32445e+06
2.27921e+06
2.29749e+06
2.23765e+06
2.26992e+06
2.37117e+06
2.20863e+06
2.28473e+06
2.18401e+06
2.31766e+06
2.23708e+06
2.29214e+06
2.14461e+06
2.14785e+06
2.18357e+06
2.2332e+06
2.29556e+06
2.18003e+06
2.20763e+06
2.2878e+06
2.32248e+06
2.28406e+06
2.20205e+06
2.27981e+06
2.21506e+06
2.24379e+06
2.29608e+06
2.2337e+06
2.22608e+06
2.31692e+06
2.29378e+06
2.28055e+06
2.33293e+06
2.14136e+06
2.23563e+06
2.15295e+06
2.18683e+06
2.28913e+06
2.24608e+06
2.23721e+06
2.27486e+06
2.25799e+06
2.25031e+06
2.30403e+06
2.23572e+06
2.30586e+06
2.2999e+06
2.30853e+06
2.21986e+06
2.18168e+06
2.16243e+06
2.21504e+06
2.20429e+06
2.23419e+06
2.19758e+06
2.25917e+06
2.25077e+06
2.16012e+06
2.25705e+06
2.2162e+06
2.34833e+06
2.13636e+06
2.17102e+06
2.30332e+06
2.23826e+06
2.17464e+06
2.2384e+06
2.20319e+06
2.27072e+06
2.23339e+06
2.22166e+06
2.31602e+06
2.25308e+06
2.20557e+06
2.25903e+06
2.23924e+06
2.35377e+06
2.27121e+06
2.27355e+06
2.25085e+06
2.18883e+06
2.24335e+06
2.23782e+06
2.35649e+06
2.31675e+06
2.23127e+06
2.18501e+06
2.27451e+06
2.19137e+06
2.27655e+06
2.16068e+06
2.23315e+06
2.24526e+06
2.3218e+06
2.26788e+06
2.28921e+06
2.28124e+06
2.26417e+06
2.35753e+06
2.2713e+06
2.32454e+06
2.22431e+06
2.35246e+06
2.29402e+06
2.24689e+06
2.18144e+06
2.31761e+06
2.23517e+06
2.2575e+06
2.33479e+06
2.22286e+06
2.23301e+06
2.18976e+06
2.21341e+06
2.22483e+06
2.29125e+06
2.16273e+06
2.29206e+06
2.18698e+06
2.29536e+06
2.25681e+06
2.28289e+06
2.20065e+06
2.22256e+06
2.32133e+06
2.24658e+06
2.24375e+06
2.21042e+06
2.2281e+06
2.28733e+06
2.20652e+06
2.23758e+06
2.26473e+06
2.23941e+06
2.18646e+06
2.25766e+06
2.27184e+06
2.33071e+06
2.28074e+06
2.32415e+06
2.31559e+06
2.21078e+06
2.2463e+06
2.32793e+06
2.22196e+06
2.22638e+06
2.30003e+06
2.25244e+06
2.19474e+06
2.22441e+06
2.30329e+06
2.2126e+06
2.24375e+06
2.20245e+06
2.25929e+06
2.19882e+06
2.32395e+06
2.33597e+06
2.20963e+06
2.29403e+06
2.24473e+06
2.24291e+06
2.21665e+06
2.24448e+06
2.18137e+06
2.21552e+06
2.3219e+06
2.20806e+06
2.22179e+06
2.27565e+06
2.30836e+06
2.20659e+06
2.15587e+06
2.25783e+06
2.38769e+06
2.3102e+06
2.14941e+06
2.16077e+06
2.17914e+06
2.268e+06
2.25528e+06
2.23581e+06
2.27762e+06
2.25413e+06
2.30963e+06
2.29996e+06
2.18309e+06
2.22253e+06
2.2172e+06
2.29115e+06
2.28255e+06
2.27743e+06
2.18839e+06
2.17819e+06
2.25874e+06
2.22076e+06
2.17619e+06
2.27574e+06
2.29538e+06
2.36023e+06
2.26514e+06
2.20378e+06
2.24207e+06
2.25997e+06
2.25197e+06
2.28983e+06
2.23585e+06
2.28273e+06
2.27422e+06
2.26956e+06
2.2079e+06
2.17823e+06
2.25189e+06
2.23829e+06
2.23045e+06
2.33032e+06
2.30212e+06
2.32603e+06
2.29537e+06
2.22497e+06
2.19488e+06
2.23164e+06
2.20337e+06
2.23811e+06
2.21359e+06
2.30843e+06
2.19323e+06
2.20424e+06
2.26172e+06
2.29204e+06
2.20781e+06
2.31685e+06
2.26305e+06
2.23663e+06
2.265e+06
2.17821e+06
2.23291e+06
2.31656e+06
2.36996e+06
2.24842e+06
2.23429e+06
2.28585e+06
2.26408e+06
2.20751e+06
2.28026e+06
2.17304e+06
2.32586e+06
2.23956e+06
2.25384e+06
2.31808e+06
2.25775e+06
2.3113e+06
2.23152e+06
2.28612e+06
2.25696e+06
2.25681e+06
2.27685e+06
2.22862e+06
2.20058e+06
2.20645e+06
2.25059e+06
2.2351e+06
2.21321e+06
2.18125e+06
2.2536e+06
2.20372e+06
2.14121e+06
2.26684e+06
2.18512e+06
2.19439e+06
2.21165e+06
2.22314e+06
2.21792e+06
2.2776e+06
2.25635e+06
2.32514e+06
2.25871e+06
2.27449e+06
2.20849e+06
2.23194e+06
2.27808e+06
2.26221e+06
2.25364e+06
2.26069e+06
2.28648e+06
2.31014e+06
2.24208e+06
2.4002e+06
2.28998e+06
2.21645e+06
2.25277e+06
2.29659e+06
2.20458e+06
2.24824e+06
2.22219e+06
2.18236e+06
2.22117e+06
2.23497e+06
2.25899e+06
2.36114e+06
2.28716e+06
2.26677e+06
2.20797e+06
2.20525e+06
2.21193e+06
2.29957e+06
2.18929e+06
2.29067e+06
2.24178e+06
2.31229e+06
2.31948e+06
2.31338e+06
2.2783e+06
2.33279e+06
2.30022e+06
2.28708e+06
2.29461e+06
2.304e+06
2.30024e+06
2.27166e+06
2.31791e+06
2.33131e+06
2.2057e+06
2.33373e+06
2.24671e+06
2.30728e+06
2.16528e+06
2.25187e+06
2.22264e+06
2.16808e+06
2.20906e+06
2.13876e+06
2.2842e+06
2.16409e+06
2.2801e+06
2.25056e+06
2.36201e+06
2.21131e+06
2.24679e+06
2.21395e+06
2.24871e+06
2.21137e+06
2.19971e+06
2.22238e+06
2.21384e+06
2.25915e+06
2.32238e+06
2.23264e+06
2.29689e+06
2.21323e+06
2.23386e+06
2.3305e+06
2.28528e+06
2.14721e+06
2.28581e+06
2.16872e+06
2.2121e+06
2.25784e+06
2.25646e+06
2.24643e+06
2.26385e+06
2.18627e+06
2.1776e+06
2.21512e+06
2.17423e+06
2.1669e+06
2.31879e+06
2.19671e+06
2.24081e+06
2.22034e+06
2.28308e+06
2.22507e+06
2.18262e+06
2.25837e+06
2.2632e+06
2.23319e+06
2.30643e+06
2.14878e+06
2.27606e+06
2.27042e+06
2.19993e+06
2.30029e+06
2.25394e+06
2.24339e+06
2.12546e+06
2.16892e+06
2.19183e+06
2.17279e+06
2.27908e+06
2.27629e+06
2.24482e+06
2.30715e+06
2.18197e+06
2.22715e+06
2.37154e+06
2.20899e+06
2.20441e+06
2.26646e+06
2.25176e+06
2.27128e+06
2.26637e+06
2.26656e+06
2.29093e+06
2.21924e+06
2.23707e+06
2.30439e+06
2.2965e+06
2.24434e+06
2.16462e+06
2.20427e+06
2.14498e+06
2.27309e+06
2.26081e+06
2.19537e+06
2.24382e+06
2.2598e+06
2.20821e+06
2.30147e+06
2.36973e+06
2.21912e+06
2.31272e+06
2.29519e+06
2.19238e+06
2.25576e+06
2.18657e+06
2.1901e+06
2.2241e+06
2.26199e+06
2.25475e+06
2.14784e+06
2.24604e+06
2.2394e+06
2.23001e+06
2.28918e+06
2.27914e+06
2.18356e+06
2.31078e+06
2.14904e+06
2.20675e+06
2.26068e+06
2.29033e+06
2.25284e+06
2.34028e+06
2.30378e+06
2.3133e+06
2.2469e+06
2.25758e+06
2.23097e+06
2.18289e+06
2.29884e+06
2.29022e+06
2.28957e+06
2.19357e+06
2.28065e+06
2.29669e+06
2.26366e+06
2.29876e+06
2.31333e+06
2.26531e+06
2.30264e+06
2.27008e+06
2.25629e+06
2.20377e+06
2.2359e+06
2.18926e+06
2.25396e+06
2.25381e+06
2.2259e+06
2.27412e+06
2.18951e+06
2.18901e+06
2.29711e+06
2.13408e+06
2.28694e+06
2.18222e+06
2.29538e+06
2.26776e+06
2.30531e+06
2.28603e+06
2.29349e+06
2.23851e+06
2.33943e+06
2.18216e+06
2.27533e+06
2.24249e+06
2.21737e+06
2.31417e+06
2.16457e+06
2.22814e+06
2.2052e+06
2.25857e+06
2.22582e+06
2.22043e+06
2.2266e+06
2.25117e+06
2.24884e+06
2.24422e+06
2.19678e+06
2.25726e+06
2.27143e+06
2.24808e+06
2.23221e+06
2.21711e+06
2.28668e+06
2.261e+06
2.22065e+06
2.29702e+06
2.26222e+06
2.2375e+06
2.30878e+06
2.24744e+06
2.16985e+06
2.22189e+06
2.22028e+06
2.16899e+06
2.26307e+06
2.13469e+06
2.28222e+06
2.1849e+06
2.28566e+06
2.22993e+06
2.34019e+06
2.28782e+06
2.15476e+06
2.29948e+06
2.21267e+06
2.15399e+06
2.25971e+06
2.24486e+06
2.20788e+06
2.26448e+06
2.30278e+06
2.1925e+06
2.26664e+06
2.28245e+06
2.30112e+06
2.24304e+06
2.30252e+06
2.2702e+06
2.26428e+06
2.25241e+06
2.26901e+06
2.27419e+06
2.26323e+06
2.22451e+06
2.30887e+06
2.21569e+06
2.25102e+06
2.25916e+06
2.2241e+06
2.21201e+06
2.22872e+06
2.22332e+06
2.14116e+06
2.29971e+06
2.26782e+06
2.29305e+06
2.38618e+06
2.15892e+06
2.15796e+06
2.35871e+06
2.2764e+06
2.22828e+06
2.29648e+06
2.22804e+06
2.17679e+06
2.29716e+06
2.16215e+06
2.21742e+06
2.13172e+06
2.22189e+06
2.26035e+06
2.28439e+06
2.2107e+06
2.29254e+06
2.14715e+06
2.28983e+06
2.17734e+06
2.29812e+06
2.1968e+06
2.31336e+06
2.23065e+06
2.18991e+06
2.23028e+06
2.28179e+06
2.21833e+06
2.23161e+06
2.30629e+06
2.24546e+06
2.19934e+06
2.31718e+06
2.30393e+06
2.23687e+06
2.2724e+06
2.19803e+06
2.26098e+06
2.29411e+06
2.21061e+06
2.26972e+06
2.25949e+06
2.21457e+06
2.29173e+06
2.23785e+06
2.28038e+06
2.26764e+06
2.26623e+06
2.18797e+06
2.30883e+06
2.38537e+06
2.27984e+06
2.20023e+06
2.16128e+06
2.17333e+06
2.21566e+06
2.22448e+06
2.31054e+06
2.20664e+06
2.22189e+06
2.23795e+06
2.25798e+06
2.22149e+06
2.24136e+06
2.34058e+06
2.23542e+06
2.25562e+06
2.26239e+06
2.19832e+06
2.2203e+06
2.27004e+06
2.2241e+06
2.34352e+06
2.16872e+06
2.25652e+06
2.2834e+06
2.29722e+06
2.2156e+06
2.17008e+06
2.15847e+06
2.22376e+06
2.30205e+06
2.2897e+06
2.23094e+06
2.22188e+06
2.26928e+06
2.26515e+06
2.23303e+06
2.183e+06
2.27714e+06
2.27752e+06
2.20541e+06
2.18343e+06
2.29896e+06
2.19951e+06
2.26185e+06
2.30463e+06
2.24349e+06
2.13793e+06
2.24954e+06
2.25769e+06
2.22979e+06
2.31593e+06
2.14464e+06
2.19289e+06
2.30521e+06
2.25807e+06
2.29381e+06
2.29656e+06
2.24159e+06
2.23321e+06
2.21202e+06
2.25579e+06
2.30959e+06
2.27481e+06
2.27554e+06
2.35597e+06
2.32224e+06
2.31538e+06
2.2304e+06
2.27766e+06
2.24527e+06
2.23208e+06
2.31829e+06
2.26877e+06
2.27327e+06
2.2824e+06
2.29687e+06
2.16789e+06
2.22539e+06
2.23753e+06
2.26621e+06
2.2816e+06
2.25439e+06
2.32474e+06
2.35414e+06
2.17853e+06
2.22096e+06
2.18473e+06
2.19948e+06
2.15323e+06
2.27654e+06
2.28475e+06
2.15191e+06
2.25724e+06
2.21855e+06
2.23899e+06
2.25816e+06
2.3146e+06
2.28927e+06
2.2556e+06
2.2022e+06
2.26321e+06
2.30223e+06
2.26886e+06
2.26326e+06
2.29278e+06
2.19065e+06
2.2568e+06
2.26852e+06
2.22481e+06
2.1881e+06
2.25121e+06
