2.32078e+06
2.24537e+06
2.23798e+06
2.23151e+06
2.34728e+06
2.19541e+06
2.31144e+06
2.27033e+06
2.26829e+06
2.22571e+06
2.24334e+06
2.23052e+06
2.27725e+06
2.249e+06
2.21524e+06
2.26741e+06
2.2594e+06
2.19593e+06
2.27498e+06
2.33848e+06
2.22136e+06
2.21549e+06
2.24384e+06
2.32009e+06
2.24069e+06
2.2389e+06
2.24655e+06
2.24047e+06
2.26357e+06
2.31795e+06
2.25811e+06
2.25567e+06
2.3384e+06
2.22712e+06
2.21694e+06
2.25712e+06
2.30981e+06
2.24759e+06
2.2445e+06
2.33456e+06
2.25868e+06
2.24908e+06
2.26138e+06
2.25037e+06
2.24878e+06
2.23295e+06
2.16859e+06
2.30981e+06
2.22617e+06
2.19804e+06
2.30445e+06
2.20319e+06
2.19142e+06
2.2284e+06
2.25084e+06
2.19426e+06
2.20354e+06
2.211e+06
2.20753e+06
2.275e+06
2.23486e+06
2.2259e+06
2.31578e+06
2.26153e+06
2.18962e+06
2.22409e+06
2.27537e+06
2.32819e+06
2.17872e+06
2.19916e+06
2.23213e+06
2.22208e+06
2.35807e+06
2.20819e+06
2.17609e+06
2.2094e+06
2.15993e+06
2.27313e+06
2.18417e+06
2.28005e+06
2.24391e+06
2.28767e+06
2.19143e+06
2.30236e+06
2.22494e+06
2.26259e+06
2.18019e+06
2.17171e+06
2.21739e+06
2.33532e+06
2.29915e+06
2.18544e+06
2.23781e+06
2.26674e+06
2.16386e+06
2.2612e+06
2.32616e+06
2.19644e+06
2.20255e+06
2.17777e+06
2.26971e+06
2.34335e+06
2.25248e+06
2.23474e+06
2.26573e+06
2.24897e+06
2.29165e+06
2.23577e+06
2.23364e+06
2.33548e+06
2.15532e+06
2.22262e+06
2.18359e+06
2.20015e+06
2.27218e+06
2.23496e+06
2.26785e+06
2.23541e+06
2.31608e+06
2.26162e+06
2.25996e+06
2.29561e+06
2.36317e+06
2.25354e+06
2.25976e+06
2.27218e+06
2.22807e+06
2.16713e+06
2.15794e+06
2.25785e+06
2.23256e+06
2.26393e+06
2.25332e+06
2.20413e+06
2.24748e+06
2.2078e+06
2.15507e+06
2.17989e+06
2.30222e+06
2.3257e+06
2.22136e+06
2.1718e+06
2.26446e+06
2.35827e+06
2.27296e+06
2.35914e+06
2.32627e+06
2.24935e+06
2.23178e+06
2.24924e+06
2.26178e+06
2.28807e+06
2.35282e+06
2.28001e+06
2.26623e+06
2.25497e+06
2.28698e+06
2.28122e+06
2.25882e+06
2.24171e+06
2.12628e+06
2.27078e+06
2.26722e+06
2.22506e+06
2.20759e+06
2.26142e+06
2.2874e+06
2.21261e+06
2.20448e+06
2.29016e+06
2.32253e+06
2.31755e+06
2.21391e+06
2.24132e+06
2.27247e+06
2.31598e+06
2.28026e+06
2.21299e+06
2.22098e+06
2.13333e+06
2.3085e+06
2.18343e+06
2.24985e+06
2.23489e+06
2.24677e+06
2.23956e+06
2.16906e+06
2.27583e+06
2.23959e+06
2.25947e+06
2.2003e+06
2.30476e+06
2.34871e+06
2.27846e+06
2.21245e+06
2.22747e+06
2.35479e+06
2.31188e+06
2.24665e+06
2.22021e+06
2.36793e+06
2.18091e+06
2.18923e+06
2.19777e+06
2.15498e+06
2.25366e+06
2.16941e+06
2.30646e+06
2.2589e+06
2.12933e+06
2.34115e+06
2.29465e+06
2.31099e+06
2.24745e+06
2.35241e+06
2.32593e+06
2.2543e+06
2.30789e+06
2.28107e+06
2.16976e+06
2.3014e+06
2.21832e+06
2.23638e+06
2.24945e+06
2.27462e+06
2.24503e+06
2.3702e+06
2.21089e+06
2.24825e+06
2.23891e+06
2.34728e+06
2.28341e+06
2.33994e+06
2.34174e+06
2.18399e+06
2.24186e+06
2.26443e+06
2.23043e+06
2.1681e+06
2.34256e+06
2.15403e+06
2.32457e+06
2.21863e+06
2.30804e+06
2.22805e+06
2.23369e+06
2.18997e+06
2.2967e+06
2.26121e+06
2.31785e+06
2.27552e+06
2.28377e+06
2.18715e+06
2.22634e+06
2.21525e+06
2.29019e+06
2.36258e+06
2.28259e+06
2.28513e+06
2.2565e+06
2.23991e+06
2.2587e+06
2.13867e+06
2.2782e+06
2.3845e+06
2.21446e+06
2.27984e+06
2.32741e+06
2.27436e+06
2.17893e+06
2.2647e+06
2.38529e+06
2.13051e+06
2.19675e+06
2.09816e+06
2.22371e+06
2.26122e+06
2.26907e+06
2.18611e+06
2.21963e+06
2.1367e+06
2.1716e+06
2.26259e+06
2.22477e+06
2.37495e+06
2.3112e+06
2.26963e+06
2.24473e+06
2.24759e+06
2.22128e+06
2.16564e+06
2.22007e+06
2.21496e+06
2.24436e+06
2.15467e+06
2.32873e+06
2.21927e+06
2.21476e+06
2.26087e+06
2.26495e+06
2.25207e+06
2.20311e+06
2.27603e+06
2.28558e+06
2.18579e+06
2.26726e+06
2.24026e+06
2.219e+06
2.289e+06
2.18071e+06
2.26315e+06
2.25856e+06
2.21026e+06
2.17347e+06
2.26559e+06
2.14549e+06
2.27861e+06
2.1702e+06
2.08996e+06
2.19488e+06
2.22343e+06
2.25737e+06
2.25327e+06
2.2908e+06
2.21591e+06
2.23722e+06
2.19485e+06
2.22577e+06
2.27279e+06
2.09152e+06
2.19143e+06
2.1017e+06
2.23109e+06
2.31019e+06
2.20815e+06
2.20766e+06
2.20037e+06
2.24231e+06
2.14322e+06
2.26391e+06
2.26419e+06
2.19488e+06
2.30106e+06
2.21588e+06
2.28096e+06
2.33763e+06
2.28386e+06
2.25246e+06
2.26198e+06
2.29944e+06
2.15772e+06
2.18287e+06
2.19302e+06
2.28198e+06
2.30619e+06
2.2476e+06
2.15543e+06
2.38223e+06
2.28071e+06
2.30841e+06
2.34252e+06
2.36154e+06
2.22575e+06
2.19177e+06
2.23604e+06
2.2711e+06
2.29885e+06
2.29147e+06
2.2534e+06
2.24475e+06
2.19226e+06
2.31461e+06
2.40281e+06
2.20442e+06
2.31225e+06
2.20038e+06
2.19863e+06
2.26353e+06
2.34362e+06
2.26017e+06
2.31125e+06
2.26341e+06
2.21508e+06
2.30217e+06
2.14216e+06
2.31216e+06
2.28101e+06
2.23571e+06
2.20918e+06
2.19198e+06
2.23144e+06
2.20174e+06
2.17276e+06
2.19576e+06
2.19639e+06
2.30752e+06
2.30927e+06
2.23953e+06
2.24642e+06
2.28654e+06
2.21879e+06
2.24791e+06
2.24297e+06
2.25958e+06
2.21603e+06
2.27864e+06
2.26861e+06
2.2769e+06
2.31231e+06
2.17614e+06
2.2586e+06
2.23103e+06
2.24335e+06
2.27901e+06
2.23151e+06
2.1453e+06
2.26819e+06
2.30572e+06
2.29899e+06
2.27909e+06
2.28557e+06
2.29081e+06
2.26994e+06
2.27565e+06
2.16458e+06
2.25823e+06
2.22303e+06
2.24757e+06
2.19603e+06
2.25147e+06
2.18139e+06
2.19956e+06
2.2938e+06
2.35611e+06
2.25711e+06
2.21679e+06
2.23298e+06
2.18888e+06
2.30043e+06
2.23592e+06
2.25608e+06
2.28634e+06
2.19575e+06
2.28007e+06
2.16875e+06
2.19403e+06
2.19657e+06
2.25434e+06
2.27443e+06
2.18456e+06
2.2495e+06
2.19801e+06
2.3113e+06
2.1868e+06
2.32325e+06
2.30455e+06
2.23529e+06
2.21387e+06
2.20552e+06
2.25574e+06
2.22714e+06
2.24443e+06
2.21906e+06
2.17828e+06
2.31736e+06
2.28239e+06
2.21493e+06
2.23321e+06
2.25263e+06
2.20086e+06
2.28694e+06
2.29248e+06
2.22713e+06
2.33497e+06
2.20451e+06
2.28316e+06
2.2382e+06
2.29138e+06
2.27429e+06
2.1317e+06
2.2074e+06
2.26609e+06
2.28156e+06
2.23527e+06
2.29063e+06
2.38208e+06
2.25409e+06
2.3133e+06
2.11636e+06
2.25368e+06
2.20699e+06
2.13245e+06
2.2344e+06
2.29862e+06
2.22847e+06
2.22713e+06
2.29392e+06
2.23523e+06
2.29094e+06
2.22845e+06
2.26742e+06
2.25385e+06
2.20388e+06
2.2735e+06
2.27039e+06
2.24546e+06
2.24385e+06
2.2358e+06
2.30495e+06
2.30124e+06
2.24733e+06
2.20416e+06
2.27673e+06
2.1604e+06
2.26046e+06
2.16229e+06
2.27947e+06
2.25428e+06
2.18466e+06
2.27904e+06
2.27989e+06
2.19792e+06
2.21979e+06
2.17513e+06
2.26039e+06
2.2268e+06
2.32297e+06
2.24744e+06
2.27053e+06
2.14684e+06
2.25315e+06
2.34458e+06
2.18547e+06
2.25277e+06
2.18889e+06
2.14457e+06
2.24309e+06
2.21736e+06
2.15959e+06
2.21861e+06
2.23649e+06
2.31173e+06
2.28673e+06
2.20509e+06
2.27413e+06
2.31661e+06
2.2259e+06
2.324e+06
2.18659e+06
2.19219e+06
2.30488e+06
2.21154e+06
2.28529e+06
2.28333e+06
2.20069e+06
2.28269e+06
2.35901e+06
2.33952e+06
2.25946e+06
2.30335e+06
2.2528e+06
2.16467e+06
2.31706e+06
2.23186e+06
2.24571e+06
2.14796e+06
2.28924e+06
2.203e+06
2.27079e+06
2.20394e+06
2.29598e+06
2.28229e+06
2.3628e+06
2.271e+06
2.25233e+06
2.24498e+06
2.22743e+06
2.22642e+06
2.36549e+06
2.21067e+06
2.28706e+06
2.24751e+06
2.23196e+06
2.28845e+06
2.25588e+06
2.2211e+06
2.16544e+06
2.31956e+06
2.24432e+06
2.2041e+06
2.28115e+06
2.25534e+06
2.16522e+06
2.20624e+06
2.1195e+06
2.30844e+06
2.29543e+06
2.23179e+06
2.26253e+06
2.27214e+06
2.23733e+06
2.2709e+06
2.24636e+06
2.31034e+06
2.22049e+06
2.34408e+06
2.27816e+06
2.23512e+06
2.17084e+06
2.21786e+06
2.19334e+06
2.24293e+06
2.21078e+06
2.32947e+06
2.28107e+06
2.33137e+06
2.12823e+06
2.2094e+06
2.24961e+06
2.19869e+06
2.27654e+06
2.34836e+06
2.30584e+06
2.26064e+06
2.19977e+06
2.26466e+06
2.23859e+06
2.27446e+06
2.24071e+06
2.23246e+06
2.31083e+06
2.23736e+06
2.31173e+06
2.16798e+06
2.31215e+06
2.19849e+06
2.2996e+06
2.17875e+06
2.24236e+06
2.16411e+06
2.24939e+06
2.29392e+06
2.23863e+06
2.25215e+06
2.23962e+06
2.23304e+06
2.34439e+06
2.22255e+06
2.28784e+06
2.33651e+06
2.18992e+06
2.26492e+06
2.32017e+06
2.22105e+06
2.27087e+06
2.262e+06
2.22292e+06
2.23254e+06
2.1976e+06
2.24565e+06
2.23401e+06
2.29694e+06
2.23152e+06
2.28231e+06
2.22796e+06
2.18409e+06
2.14105e+06
2.26553e+06
2.20652e+06
2.29354e+06
2.33694e+06
2.21786e+06
2.17415e+06
2.19677e+06
2.21988e+06
2.30276e+06
2.19549e+06
2.34637e+06
2.27665e+06
2.29789e+06
2.37579e+06
2.2399e+06
2.23179e+06
2.23194e+06
2.22007e+06
2.26501e+06
2.2252e+06
2.28651e+06
2.13583e+06
2.12763e+06
2.30453e+06
2.2004e+06
2.36549e+06
2.31422e+06
2.16531e+06
2.22274e+06
2.19217e+06
2.25827e+06
2.32321e+06
2.28368e+06
2.26361e+06
2.24547e+06
2.37316e+06
2.25364e+06
2.21028e+06
2.3124e+06
2.2992e+06
2.27641e+06
2.23077e+06
2.16565e+06
2.3151e+06
2.28529e+06
2.23951e+06
2.18164e+06
2.33429e+06
2.1446e+06
2.24432e+06
2.33527e+06
2.17637e+06
2.17282e+06
2.14406e+06
2.2675e+06
2.19206e+06
2.17097e+06
2.22437e+06
2.24589e+06
2.28105e+06
2.26067e+06
2.31026e+06
2.26797e+06
2.30615e+06
2.09545e+06
2.27548e+06
2.16732e+06
2.32139e+06
2.15331e+06
2.17125e+06
2.23044e+06
2.22174e+06
2.1439e+06
2.30382e+06
2.19887e+06
2.25546e+06
2.23648e+06
2.26332e+06
2.29536e+06
2.29748e+06
2.27728e+06
2.24195e+06
2.18493e+06
2.24912e+06
2.2485e+06
2.22907e+06
2.17481e+06
2.29568e+06
2.26101e+06
2.21668e+06
2.23985e+06
2.15345e+06
2.22522e+06
2.33113e+06
2.34675e+06
2.11007e+06
2.10965e+06
2.16201e+06
2.10968e+06
2.21931e+06
2.33652e+06
2.21296e+06
2.15148e+06
2.18028e+06
2.26415e+06
2.27e+06
2.25932e+06
2.12782e+06
2.35097e+06
2.29132e+06
2.30389e+06
2.21925e+06
2.32854e+06
2.23033e+06
2.15489e+06
2.23556e+06
2.309e+06
2.18814e+06
2.17627e+06
2.20223e+06
2.21577e+06
2.31503e+06
2.21961e+06
2.19965e+06
2.24065e+06
2.20669e+06
2.22891e+06
2.27524e+06
2.21974e+06
2.23943e+06
2.22752e+06
2.18191e+06
2.24814e+06
2.12291e+06
2.27196e+06
2.24288e+06
2.2925e+06
2.20028e+06
2.10005e+06
2.35037e+06
2.24878e+06
2.23542e+06
2.2138e+06
2.18692e+06
2.237e+06
2.34066e+06
2.17612e+06
2.27739e+06
2.23067e+06
2.27639e+06
2.25284e+06
2.25217e+06
2.12785e+06
2.20921e+06
2.14378e+06
2.27821e+06
2.29535e+06
2.24636e+06
2.3141e+06
2.20952e+06
2.21648e+06
2.20687e+06
2.3119e+06
2.20854e+06
2.27261e+06
2.27545e+06
2.30477e+06
2.22435e+06
2.22809e+06
2.23718e+06
2.25369e+06
2.36324e+06
2.17815e+06
2.32198e+06
2.20694e+06
2.2163e+06
2.30118e+06
2.24147e+06
2.29872e+06
2.23162e+06
2.26738e+06
2.23575e+06
2.27929e+06
2.17581e+06
2.23294e+06
2.24382e+06
2.22516e+06
2.24528e+06
2.24178e+06
2.16433e+06
2.26288e+06
2.20041e+06
2.22928e+06
2.27248e+06
2.18644e+06
2.28604e+06
2.25469e+06
2.23152e+06
2.28066e+06
2.22796e+06
2.20449e+06
2.23138e+06
2.29712e+06
2.33052e+06
2.22714e+06
2.13978e+06
2.2446e+06
2.24174e+06
2.25426e+06
2.27811e+06
2.38561e+06
2.31305e+06
2.29326e+06
2.25827e+06
2.27796e+06
2.26821e+06
2.26249e+06
2.23127e+06
2.1592e+06
2.17529e+06
2.28098e+06
2.26658e+06
2.16755e+06
2.19998e+06
2.41004e+06
2.23144e+06
2.20478e+06
2.19926e+06
2.17026e+06
2.34206e+06
2.25777e+06
2.14636e+06
2.18491e+06
2.26266e+06
2.22575e+06
2.2304e+06
2.23128e+06
2.22038e+06
2.18456e+06
2.15621e+06
2.2143e+06
2.19806e+06
2.19477e+06
2.23983e+06
2.3118e+06
2.18505e+06
2.2171e+06
2.33041e+06
2.19826e+06
2.25923e+06
2.22303e+06
2.24367e+06
2.18008e+06
2.23906e+06
2.32928e+06
2.25696e+06
2.29923e+06
2.24829e+06
2.21271e+06
2.19787e+06
2.25699e+06
2.22931e+06
2.22585e+06
2.22651e+06
2.20373e+06
2.24729e+06
2.12964e+06
2.21673e+06
2.15633e+06
2.19602e+06
2.27213e+06
2.24391e+06
2.24765e+06
2.19822e+06
2.24032e+06
2.24342e+06
2.20208e+06
2.21115e+06
2.36159e+06
2.26081e+06
2.28928e+06
2.23671e+06
2.30806e+06
2.27017e+06
2.21138e+06
2.32142e+06
2.22738e+06
2.34144e+06
2.2599e+06
2.23062e+06
2.20109e+06
2.16734e+06
2.30341e+06
2.22986e+06
2.19031e+06
2.21948e+06
2.23939e+06
2.19951e+06
2.25028e+06
2.27375e+06
2.24901e+06
2.27668e+06
2.2901e+06
2.32877e+06
2.25295e+06
2.19724e+06
2.16001e+06
2.29612e+06
2.28095e+06
2.08629e+06
2.2468e+06
2.27213e+06
2.28454e+06
2.29234e+06
2.16148e+06
2.24753e+06
2.23732e+06
2.29376e+06
2.14732e+06
2.23761e+06
2.31584e+06
2.32717e+06
2.25675e+06
2.24502e+06
2.25086e+06
2.23578e+06
2.17587e+06
2.33965e+06
2.21826e+06
2.26063e+06
2.24934e+06
2.27247e+06
2.30452e+06
