2.26981e+06
2.28631e+06
2.26292e+06
2.25944e+06
2.26912e+06
2.26438e+06
2.20052e+06
2.21807e+06
2.20677e+06
2.23136e+06
2.17651e+06
2.30441e+06
2.20767e+06
2.27959e+06
2.17364e+06
2.21149e+06
2.29579e+06
2.30945e+06
2.24925e+06
2.1706e+06
2.30411e+06
2.28098e+06
2.35098e+06
2.24746e+06
2.22581e+06
2.28359e+06
2.16872e+06
2.2239e+06
2.19628e+06
2.21623e+06
2.2119e+06
2.2039e+06
2.17308e+06
2.26051e+06
2.2474e+06
2.24582e+06
2.27867e+06
2.19249e+06
2.20742e+06
2.28959e+06
2.299e+06
2.11381e+06
2.28609e+06
2.3407e+06
2.28379e+06
2.2225e+06
2.26515e+06
2.27784e+06
2.17956e+06
2.2539e+06
2.30629e+06
2.25758e+06
2.36142e+06
2.19723e+06
2.23855e+06
2.22677e+06
2.21374e+06
2.23387e+06
2.22473e+06
2.24785e+06
2.18692e+06
2.22675e+06
2.27575e+06
2.15148e+06
2.20149e+06
2.15805e+06
2.20925e+06
2.22639e+06
2.37382e+06
2.23251e+06
2.26323e+06
2.27744e+06
2.26683e+06
2.32694e+06
2.2666e+06
2.26589e+06
2.30094e+06
2.26416e+06
2.26355e+06
2.24619e+06
2.28355e+06
2.30048e+06
2.23927e+06
2.25054e+06
2.30092e+06
2.26025e+06
2.2352e+06
2.28008e+06
2.23471e+06
2.33329e+06
2.27308e+06
2.29472e+06
2.21542e+06
2.16253e+06
2.19981e+06
2.39933e+06
2.23345e+06
2.20304e+06
2.15674e+06
2.17669e+06
2.18618e+06
2.12539e+06
2.2209e+06
2.23761e+06
2.25473e+06
2.35087e+06
2.28077e+06
2.26875e+06
2.2704e+06
2.20281e+06
2.24541e+06
2.23354e+06
2.25376e+06
2.22927e+06
2.30373e+06
2.27281e+06
2.18846e+06
2.25352e+06
2.2225e+06
2.25905e+06
2.273e+06
2.28035e+06
2.22405e+06
2.22912e+06
2.21638e+06
2.20033e+06
2.21681e+06
2.21081e+06
2.24124e+06
2.2367e+06
2.24573e+06
2.32236e+06
2.21791e+06
2.26165e+06
2.16333e+06
2.16086e+06
2.34569e+06
2.2479e+06
2.28661e+06
2.40006e+06
2.17087e+06
2.17994e+06
2.29879e+06
2.34569e+06
2.28518e+06
2.24742e+06
2.22993e+06
2.28617e+06
2.22461e+06
2.18998e+06
2.34077e+06
2.21397e+06
2.31967e+06
2.34381e+06
2.28419e+06
2.26296e+06
2.31955e+06
2.25269e+06
2.27288e+06
2.35015e+06
2.23015e+06
2.18705e+06
2.30207e+06
2.27981e+06
2.37942e+06
2.23463e+06
2.2361e+06
2.21201e+06
2.20647e+06
2.22087e+06
2.21267e+06
2.26601e+06
2.18918e+06
2.21398e+06
2.23135e+06
2.22205e+06
2.22126e+06
2.20643e+06
2.22764e+06
2.2026e+06
2.34017e+06
2.30057e+06
2.2849e+06
2.35517e+06
2.24313e+06
2.17286e+06
2.29504e+06
2.21413e+06
2.32486e+06
2.29736e+06
2.24659e+06
2.26816e+06
2.22251e+06
2.25866e+06
2.18913e+06
2.26943e+06
2.18398e+06
2.20481e+06
2.30331e+06
2.23613e+06
2.24938e+06
2.18583e+06
2.28741e+06
2.2715e+06
2.32811e+06
2.16834e+06
2.19918e+06
2.23099e+06
2.15041e+06
2.27946e+06
2.28144e+06
2.16936e+06
2.30182e+06
2.255e+06
2.29229e+06
2.24328e+06
2.31707e+06
2.28558e+06
2.25391e+06
2.19184e+06
2.23568e+06
2.22889e+06
2.29991e+06
2.18431e+06
2.26239e+06
2.28151e+06
2.24266e+06
2.21737e+06
2.26128e+06
2.16767e+06
2.35241e+06
2.25446e+06
2.31966e+06
2.33024e+06
2.20441e+06
2.18295e+06
2.20521e+06
2.20711e+06
2.31606e+06
2.20836e+06
2.27039e+06
2.24085e+06
2.19128e+06
2.20139e+06
2.29784e+06
2.2314e+06
2.32939e+06
2.25701e+06
2.2172e+06
2.1558e+06
2.25682e+06
2.24318e+06
2.35488e+06
2.29213e+06
2.23496e+06
2.16072e+06
2.21233e+06
2.3474e+06
2.24986e+06
2.25805e+06
2.21717e+06
2.16675e+06
2.28912e+06
2.21113e+06
2.14924e+06
2.14493e+06
2.21489e+06
2.27102e+06
2.27047e+06
2.22769e+06
2.23919e+06
2.25001e+06
2.2295e+06
2.24418e+06
2.1738e+06
2.32029e+06
2.27152e+06
2.24992e+06
2.29977e+06
2.27733e+06
2.18198e+06
2.25922e+06
2.27138e+06
2.22945e+06
2.22128e+06
2.32349e+06
2.26462e+06
2.36007e+06
2.2443e+06
2.35201e+06
2.25972e+06
2.32744e+06
2.25499e+06
2.28396e+06
2.25474e+06
2.23597e+06
2.25284e+06
2.23803e+06
2.23604e+06
2.33322e+06
2.22201e+06
2.28753e+06
2.23154e+06
2.30674e+06
2.23241e+06
2.19235e+06
2.2516e+06
2.21444e+06
2.2947e+06
2.23554e+06
2.26756e+06
2.29596e+06
2.27856e+06
2.34224e+06
2.20043e+06
2.25047e+06
2.27526e+06
2.18359e+06
2.23753e+06
2.227e+06
2.17828e+06
2.32564e+06
2.2163e+06
2.32492e+06
2.28184e+06
2.20958e+06
2.32241e+06
2.25664e+06
2.26076e+06
2.24112e+06
2.34694e+06
2.25265e+06
2.36948e+06
2.27098e+06
2.25454e+06
2.22418e+06
2.23665e+06
2.26564e+06
2.24755e+06
2.32119e+06
2.22373e+06
2.21137e+06
2.2086e+06
2.33279e+06
2.28514e+06
2.3066e+06
2.2728e+06
2.32162e+06
2.30653e+06
2.21028e+06
2.18816e+06
2.29182e+06
2.23708e+06
2.13064e+06
2.26841e+06
2.24629e+06
2.318e+06
2.30352e+06
2.24639e+06
2.17616e+06
2.19045e+06
2.2342e+06
2.2356e+06
2.22482e+06
2.20721e+06
2.26581e+06
2.32733e+06
2.32344e+06
2.2551e+06
2.22834e+06
2.2383e+06
2.2834e+06
2.28752e+06
2.32239e+06
2.2551e+06
2.17348e+06
2.23946e+06
2.24341e+06
2.15967e+06
2.256e+06
2.22464e+06
2.2652e+06
2.16463e+06
2.26656e+06
2.24207e+06
2.18539e+06
2.25227e+06
2.21411e+06
2.30412e+06
2.25731e+06
2.21416e+06
2.21708e+06
2.27741e+06
2.32966e+06
2.28785e+06
2.22001e+06
2.35104e+06
2.2525e+06
2.15168e+06
2.34249e+06
2.20809e+06
2.28278e+06
2.23839e+06
2.20098e+06
2.23307e+06
2.20567e+06
2.27526e+06
2.18247e+06
2.31666e+06
2.21159e+06
2.31237e+06
2.18914e+06
2.24199e+06
2.35102e+06
2.27954e+06
2.26199e+06
2.24012e+06
2.30029e+06
2.22248e+06
2.25039e+06
2.21423e+06
2.23024e+06
2.25667e+06
2.29293e+06
2.29256e+06
2.19887e+06
2.19245e+06
2.29045e+06
2.22963e+06
2.21026e+06
2.21297e+06
2.24155e+06
2.19994e+06
2.2707e+06
2.23816e+06
2.24876e+06
2.20103e+06
2.36753e+06
2.26786e+06
2.23992e+06
2.2905e+06
2.23959e+06
2.25378e+06
2.19845e+06
2.28516e+06
2.32152e+06
2.28446e+06
2.24578e+06
2.23143e+06
2.15741e+06
2.26267e+06
2.23808e+06
2.17136e+06
2.18282e+06
2.24958e+06
2.29483e+06
2.27925e+06
2.1618e+06
2.23356e+06
2.25436e+06
2.22666e+06
2.33701e+06
2.28491e+06
2.30895e+06
2.25796e+06
2.23825e+06
2.21541e+06
2.26457e+06
2.23162e+06
2.19977e+06
2.27205e+06
2.29245e+06
2.21632e+06
2.25326e+06
2.32447e+06
2.1313e+06
2.25759e+06
2.21258e+06
2.33772e+06
2.30024e+06
2.29871e+06
2.25319e+06
2.15208e+06
2.24832e+06
2.25942e+06
2.28124e+06
2.20007e+06
2.13204e+06
2.25859e+06
2.219e+06
2.27597e+06
2.24207e+06
2.18237e+06
2.25055e+06
2.28003e+06
2.2474e+06
2.23774e+06
2.21598e+06
2.27209e+06
2.2087e+06
2.25673e+06
2.17372e+06
2.20312e+06
2.19945e+06
2.2612e+06
2.1324e+06
2.25797e+06
2.26385e+06
2.29317e+06
2.23316e+06
2.17519e+06
2.21013e+06
2.29481e+06
2.20597e+06
2.25571e+06
2.22398e+06
2.1435e+06
2.30061e+06
2.21292e+06
2.21991e+06
2.25309e+06
2.17136e+06
2.28387e+06
2.2651e+06
2.2932e+06
2.30342e+06
2.21066e+06
2.18804e+06
2.31027e+06
2.27938e+06
2.27829e+06
2.24821e+06
2.20826e+06
2.23162e+06
2.3097e+06
2.22735e+06
2.20262e+06
2.25188e+06
2.21781e+06
2.294e+06
2.23147e+06
2.22096e+06
2.31422e+06
2.26537e+06
2.2572e+06
2.29879e+06
2.32011e+06
2.29554e+06
2.34975e+06
2.21736e+06
2.2486e+06
2.24891e+06
2.30694e+06
2.34027e+06
2.28869e+06
2.26732e+06
2.19336e+06
2.23352e+06
2.2395e+06
2.16181e+06
2.21569e+06
2.26388e+06
2.26206e+06
2.22571e+06
2.30354e+06
2.22707e+06
2.34975e+06
2.31268e+06
2.26869e+06
2.15153e+06
2.24087e+06
2.2066e+06
2.28655e+06
2.23105e+06
2.17363e+06
2.18202e+06
2.2128e+06
2.28123e+06
2.28261e+06
2.17687e+06
2.28858e+06
2.27667e+06
2.2378e+06
2.23397e+06
2.22851e+06
2.35292e+06
2.25321e+06
2.24193e+06
2.23184e+06
2.23374e+06
2.3038e+06
2.24135e+06
2.19018e+06
2.26569e+06
2.23149e+06
2.19366e+06
2.26557e+06
2.25647e+06
2.19109e+06
2.34877e+06
2.27169e+06
2.20685e+06
2.29164e+06
2.23406e+06
2.27028e+06
2.33105e+06
2.29144e+06
2.20519e+06
2.22544e+06
2.24546e+06
2.29672e+06
2.24425e+06
2.2705e+06
2.19223e+06
2.24298e+06
2.32204e+06
2.21952e+06
2.228e+06
2.18742e+06
2.24279e+06
2.24713e+06
2.25885e+06
2.28382e+06
2.26683e+06
2.25139e+06
2.23871e+06
2.22991e+06
2.23977e+06
2.24925e+06
2.26756e+06
2.2625e+06
2.23912e+06
2.23866e+06
2.24543e+06
2.24273e+06
2.13531e+06
2.23096e+06
2.34524e+06
2.29675e+06
2.31078e+06
2.23092e+06
2.29872e+06
2.23037e+06
2.18183e+06
2.18087e+06
2.39178e+06
2.27656e+06
2.2237e+06
2.17132e+06
2.20225e+06
2.2485e+06
2.20687e+06
2.29261e+06
2.23766e+06
2.27965e+06
2.28043e+06
2.2477e+06
2.16277e+06
2.24124e+06
2.25668e+06
2.21534e+06
2.32782e+06
2.27771e+06
2.25829e+06
2.28375e+06
2.23145e+06
2.33142e+06
2.22213e+06
2.16804e+06
2.29154e+06
2.37043e+06
2.25348e+06
2.26897e+06
2.13524e+06
2.25817e+06
2.27516e+06
2.14921e+06
2.30281e+06
2.28467e+06
2.30295e+06
2.2186e+06
2.2888e+06
2.31924e+06
2.24741e+06
2.29834e+06
2.21658e+06
2.22916e+06
2.18484e+06
2.18784e+06
2.27831e+06
2.22898e+06
2.19709e+06
2.23442e+06
2.29434e+06
2.23732e+06
2.28813e+06
2.17002e+06
2.16733e+06
2.2123e+06
2.25783e+06
2.2187e+06
2.14387e+06
2.1681e+06
2.18986e+06
2.26677e+06
2.21787e+06
2.15825e+06
2.28766e+06
2.17556e+06
2.28148e+06
2.15041e+06
2.25453e+06
2.29288e+06
2.18952e+06
2.21106e+06
2.25414e+06
2.28562e+06
2.18525e+06
2.10228e+06
2.21906e+06
2.21313e+06
2.34986e+06
2.1762e+06
2.33662e+06
2.24336e+06
2.21521e+06
2.25277e+06
2.27818e+06
2.26662e+06
2.21406e+06
2.21389e+06
2.13735e+06
2.205e+06
2.28547e+06
2.27773e+06
2.27539e+06
2.23456e+06
2.17288e+06
2.22315e+06
2.30121e+06
2.22392e+06
2.27427e+06
2.32746e+06
2.19432e+06
2.2491e+06
2.16949e+06
2.26281e+06
2.27004e+06
2.29871e+06
2.26811e+06
2.27308e+06
2.21804e+06
2.23339e+06
2.23922e+06
2.18769e+06
2.29166e+06
2.22193e+06
2.23834e+06
2.3102e+06
2.21582e+06
2.19835e+06
2.31477e+06
2.22005e+06
2.21193e+06
2.29409e+06
2.23256e+06
2.17937e+06
2.20702e+06
2.22033e+06
2.26295e+06
2.21848e+06
2.26299e+06
2.20918e+06
2.28262e+06
2.29023e+06
2.29443e+06
2.29167e+06
2.2145e+06
2.32166e+06
2.12401e+06
2.30887e+06
2.22433e+06
2.26917e+06
2.30606e+06
2.26915e+06
2.16046e+06
2.17895e+06
2.18258e+06
2.22846e+06
2.25983e+06
2.14529e+06
2.17257e+06
2.24131e+06
2.27677e+06
2.23901e+06
2.15205e+06
2.27981e+06
2.21379e+06
2.14821e+06
2.35209e+06
2.29566e+06
2.21795e+06
2.17727e+06
2.22101e+06
2.25921e+06
2.29324e+06
2.2898e+06
2.2515e+06
2.22228e+06
2.20719e+06
2.26206e+06
2.25229e+06
2.27472e+06
2.22997e+06
2.25817e+06
2.25881e+06
2.25345e+06
2.19307e+06
2.26066e+06
2.34523e+06
2.16413e+06
2.2899e+06
2.26e+06
2.19598e+06
2.33643e+06
2.34819e+06
2.20898e+06
2.19347e+06
2.26865e+06
2.18611e+06
2.24191e+06
2.25614e+06
2.29685e+06
2.25671e+06
2.20542e+06
2.31755e+06
2.269e+06
2.20473e+06
2.26997e+06
2.31427e+06
2.27601e+06
2.22969e+06
2.22099e+06
2.26529e+06
2.24496e+06
2.18826e+06
2.26148e+06
2.1558e+06
2.14756e+06
2.35962e+06
2.15444e+06
2.21684e+06
2.18613e+06
2.31495e+06
2.25175e+06
2.21048e+06
2.26741e+06
2.18485e+06
2.26301e+06
2.16597e+06
2.18681e+06
2.31099e+06
2.25196e+06
2.30758e+06
2.34944e+06
2.24509e+06
2.20176e+06
2.20085e+06
2.16376e+06
2.22884e+06
2.29438e+06
2.31766e+06
2.25945e+06
2.2562e+06
2.32185e+06
2.30114e+06
2.14196e+06
2.248e+06
2.20537e+06
2.24457e+06
2.21949e+06
2.31343e+06
2.32246e+06
2.18096e+06
2.21038e+06
2.22119e+06
2.2435e+06
2.25454e+06
2.19848e+06
2.31173e+06
2.23626e+06
2.37072e+06
2.2457e+06
2.22614e+06
2.14028e+06
2.20482e+06
2.25305e+06
2.41082e+06
2.21793e+06
2.24784e+06
2.29168e+06
2.27809e+06
2.23032e+06
2.11482e+06
2.19134e+06
2.35706e+06
2.32895e+06
2.30317e+06
2.29317e+06
2.34413e+06
2.33004e+06
2.2571e+06
2.3244e+06
2.19606e+06
2.22434e+06
2.29898e+06
2.225e+06
2.17153e+06
2.16021e+06
2.19275e+06
2.18307e+06
2.24271e+06
2.21106e+06
2.22755e+06
2.16449e+06
2.22261e+06
2.2703e+06
2.18302e+06
2.19539e+06
2.1606e+06
2.25937e+06
2.27503e+06
2.22304e+06
2.2686e+06
2.30009e+06
2.246e+06
2.30016e+06
2.25087e+06
2.24035e+06
2.33339e+06
2.24815e+06
2.32869e+06
2.22932e+06
2.22496e+06
2.19714e+06
2.29729e+06
2.25926e+06
2.25967e+06
2.28534e+06
2.21734e+06
2.3283e+06
2.30035e+06
2.36041e+06
2.21978e+06
2.22368e+06
2.22976e+06
2.22969e+06
2.29349e+06
2.15472e+06
2.17541e+06
2.28047e+06
2.22899e+06
2.26187e+06
2.17398e+06
2.31122e+06
2.34352e+06
2.21216e+06
2.23713e+06
2.24444e+06
2.26682e+06
2.34633e+06
2.25314e+06
2.26125e+06
2.31002e+06
2.20973e+06
2.22087e+06
2.18841e+06
2.20392e+06
2.25465e+06
2.32157e+06
2.2352e+06
2.25071e+06
2.3541e+06
2.24953e+06
2.25083e+06
2.30723e+06
2.29774e+06
2.25378e+06
2.25884e+06
2.17238e+06
2.26338e+06
2.19473e+06
2.17822e+06
2.22655e+06
2.17709e+06
2.17112e+06
2.22676e+06
2.22051e+06
2.24635e+06
2.22074e+06
