2.17462e+06
2.18804e+06
2.26304e+06
2.28854e+06
2.28593e+06
2.2556e+06
2.30474e+06
2.30987e+06
2.26095e+06
2.28347e+06
2.12272e+06
2.27444e+06
2.23328e+06
2.26391e+06
2.18624e+06
2.3022e+06
2.39835e+06
2.31001e+06
2.17611e+06
2.29001e+06
2.34699e+06
2.32052e+06
2.25436e+06
2.21931e+06
2.25833e+06
2.25175e+06
2.31183e+06
2.1974e+06
2.24075e+06
2.33259e+06
2.17557e+06
2.23754e+06
2.28771e+06
2.20226e+06
2.23452e+06
2.34334e+06
2.2763e+06
2.17817e+06
2.18115e+06
2.22627e+06
2.23299e+06
2.27209e+06
2.24864e+06
2.3152e+06
2.25223e+06
2.21021e+06
2.3169e+06
2.15993e+06
2.27696e+06
2.20288e+06
2.28485e+06
2.30559e+06
2.19758e+06
2.23419e+06
2.22138e+06
2.22966e+06
2.20762e+06
2.22556e+06
2.25219e+06
2.25967e+06
2.33381e+06
2.28154e+06
2.18624e+06
2.24063e+06
2.21436e+06
2.19773e+06
2.30427e+06
2.18615e+06
2.17728e+06
2.16741e+06
2.1868e+06
2.27274e+06
2.2102e+06
2.22959e+06
2.23602e+06
2.21931e+06
2.25545e+06
2.30917e+06
2.24161e+06
2.2567e+06
2.34213e+06
2.20972e+06
2.16571e+06
2.2379e+06
2.24152e+06
2.11706e+06
2.21023e+06
2.27631e+06
2.23738e+06
2.22213e+06
2.18228e+06
2.309e+06
2.21696e+06
2.24863e+06
2.30688e+06
2.19152e+06
2.33843e+06
2.27499e+06
2.292e+06
2.23134e+06
2.27002e+06
2.22873e+06
2.31137e+06
2.2581e+06
2.21978e+06
2.22966e+06
2.36392e+06
2.2276e+06
2.27609e+06
2.27506e+06
2.22957e+06
2.35746e+06
2.26481e+06
2.22263e+06
2.28944e+06
2.31492e+06
2.30567e+06
2.26613e+06
2.25298e+06
2.34103e+06
2.26591e+06
2.22122e+06
2.17276e+06
2.26655e+06
2.31777e+06
2.22496e+06
2.25509e+06
2.16398e+06
2.31318e+06
2.23635e+06
2.25896e+06
2.28739e+06
2.25302e+06
2.25112e+06
2.29262e+06
2.18455e+06
2.30909e+06
2.23276e+06
2.20069e+06
2.30741e+06
2.31044e+06
2.23076e+06
2.20569e+06
2.29943e+06
2.26217e+06
2.34546e+06
2.23856e+06
2.26974e+06
2.30442e+06
2.29401e+06
2.20982e+06
2.18872e+06
2.37677e+06
2.19771e+06
2.17488e+06
2.27158e+06
2.19362e+06
2.25839e+06
2.22594e+06
2.25999e+06
2.19835e+06
2.22242e+06
2.30649e+06
2.25212e+06
2.28531e+06
2.16636e+06
2.25618e+06
2.23683e+06
2.2828e+06
2.13836e+06
2.26872e+06
2.18183e+06
2.2411e+06
2.30833e+06
2.25456e+06
2.26459e+06
2.24485e+06
2.23063e+06
2.21688e+06
2.23547e+06
2.25775e+06
2.29236e+06
2.23266e+06
2.21078e+06
2.23245e+06
2.20492e+06
2.2397e+06
2.19341e+06
2.35909e+06
2.21653e+06
2.21427e+06
2.17913e+06
2.30012e+06
2.21883e+06
2.21052e+06
2.20216e+06
2.26667e+06
2.19652e+06
2.28448e+06
2.24758e+06
2.24357e+06
2.17093e+06
2.26809e+06
2.25555e+06
2.19966e+06
2.27751e+06
2.26956e+06
2.16327e+06
2.29534e+06
2.32971e+06
2.34619e+06
2.3535e+06
2.1672e+06
2.33951e+06
2.30702e+06
2.2282e+06
2.13986e+06
2.25071e+06
2.2377e+06
2.2123e+06
2.31326e+06
2.37346e+06
2.20671e+06
2.23015e+06
2.22248e+06
2.19556e+06
2.22608e+06
2.28911e+06
2.25811e+06
2.20988e+06
2.21091e+06
2.25936e+06
2.20718e+06
2.23067e+06
2.22731e+06
2.2142e+06
2.24682e+06
2.33367e+06
2.28269e+06
2.19928e+06
2.16805e+06
2.23423e+06
2.25918e+06
2.23818e+06
2.2787e+06
2.20227e+06
2.22315e+06
2.3932e+06
2.23584e+06
2.30131e+06
2.20986e+06
2.21364e+06
2.29492e+06
2.30519e+06
2.18977e+06
2.2169e+06
2.25137e+06
2.21524e+06
2.15069e+06
2.26689e+06
2.27138e+06
2.35872e+06
2.33421e+06
2.26369e+06
2.16409e+06
2.29464e+06
2.14044e+06
2.23286e+06
2.17393e+06
2.23872e+06
2.16843e+06
2.33018e+06
2.19233e+06
2.26415e+06
2.18142e+06
2.22116e+06
2.14713e+06
2.28683e+06
2.24897e+06
2.22091e+06
2.24838e+06
2.27539e+06
2.18194e+06
2.31879e+06
2.26224e+06
2.30037e+06
2.21946e+06
2.24445e+06
2.33587e+06
2.24186e+06
2.18053e+06
2.37034e+06
2.28215e+06
2.29446e+06
2.30878e+06
2.13704e+06
2.24673e+06
2.29473e+06
2.18874e+06
2.27132e+06
2.28612e+06
2.11408e+06
2.2267e+06
2.23747e+06
2.26627e+06
2.2664e+06
2.21517e+06
2.2657e+06
2.17441e+06
2.2758e+06
2.22971e+06
2.28495e+06
2.22866e+06
2.16975e+06
2.29576e+06
2.31465e+06
2.29301e+06
2.30379e+06
2.29217e+06
2.24054e+06
2.35385e+06
2.22898e+06
2.26003e+06
2.25035e+06
2.13774e+06
2.17353e+06
2.23124e+06
2.22799e+06
2.23007e+06
2.30598e+06
2.3295e+06
2.30852e+06
2.19073e+06
2.2696e+06
2.3003e+06
2.23799e+06
2.29607e+06
2.327e+06
2.19074e+06
2.1923e+06
2.25513e+06
2.24412e+06
2.25853e+06
2.26557e+06
2.33768e+06
2.25376e+06
2.21958e+06
2.15995e+06
2.29568e+06
2.21088e+06
2.2507e+06
2.24567e+06
2.29317e+06
2.25281e+06
2.21739e+06
2.21404e+06
2.32337e+06
2.26858e+06
2.32427e+06
2.22091e+06
2.31867e+06
2.25286e+06
2.26125e+06
2.20676e+06
2.23608e+06
2.25257e+06
2.25917e+06
2.24079e+06
2.21047e+06
2.29969e+06
2.19291e+06
2.26515e+06
2.28526e+06
2.23625e+06
2.32795e+06
2.28706e+06
2.22335e+06
2.25948e+06
2.16799e+06
2.32666e+06
2.22873e+06
2.21765e+06
2.16919e+06
2.27831e+06
2.1712e+06
2.24336e+06
2.23153e+06
2.21259e+06
2.24967e+06
2.20594e+06
2.29118e+06
2.25649e+06
2.28367e+06
2.29478e+06
2.28298e+06
2.23052e+06
2.29032e+06
2.26321e+06
2.16306e+06
2.1541e+06
2.25456e+06
2.24708e+06
2.34434e+06
2.27441e+06
2.23686e+06
2.30726e+06
2.30226e+06
2.34277e+06
2.1726e+06
2.2261e+06
2.24046e+06
2.25154e+06
2.16696e+06
2.24873e+06
2.23626e+06
2.23852e+06
2.23511e+06
2.19956e+06
2.27892e+06
2.27997e+06
2.17734e+06
2.27003e+06
2.3009e+06
2.16266e+06
2.2194e+06
2.23157e+06
2.2325e+06
2.23048e+06
2.33085e+06
2.26831e+06
2.22318e+06
2.20344e+06
2.23914e+06
2.2656e+06
2.31055e+06
2.29505e+06
2.24016e+06
2.19053e+06
2.32178e+06
2.25774e+06
2.23028e+06
2.26896e+06
2.2775e+06
2.26689e+06
2.3386e+06
2.19501e+06
2.21173e+06
2.23427e+06
2.19619e+06
2.20628e+06
2.18942e+06
2.21796e+06
2.22084e+06
2.26575e+06
2.23469e+06
2.24708e+06
2.18979e+06
2.17822e+06
2.32802e+06
2.19042e+06
2.24552e+06
2.27053e+06
2.27099e+06
2.28213e+06
2.25306e+06
2.23644e+06
2.18875e+06
2.33834e+06
2.22471e+06
2.18899e+06
2.2425e+06
2.26751e+06
2.36048e+06
2.28275e+06
2.29928e+06
2.33889e+06
2.25545e+06
2.31934e+06
2.25233e+06
2.10031e+06
2.2857e+06
2.23649e+06
2.17757e+06
2.23831e+06
2.29193e+06
2.20139e+06
2.27239e+06
2.25982e+06
2.28002e+06
2.20834e+06
2.31366e+06
2.24337e+06
2.20943e+06
2.29655e+06
2.26872e+06
2.29924e+06
2.22109e+06
2.30811e+06
2.27521e+06
2.26804e+06
2.24865e+06
2.22995e+06
2.22002e+06
2.15531e+06
2.22439e+06
2.26233e+06
2.24836e+06
2.257e+06
2.36416e+06
2.22569e+06
2.33261e+06
2.29428e+06
2.24943e+06
2.26525e+06
2.34315e+06
2.2185e+06
2.18137e+06
2.23088e+06
2.33763e+06
2.23129e+06
2.21628e+06
2.24413e+06
2.18046e+06
2.22997e+06
2.30906e+06
2.14686e+06
2.1414e+06
2.27554e+06
2.22073e+06
2.21812e+06
2.2946e+06
2.24685e+06
2.11144e+06
2.26834e+06
2.21506e+06
2.16084e+06
2.25859e+06
2.21922e+06
2.20672e+06
2.31402e+06
2.27798e+06
2.31718e+06
2.25939e+06
2.3134e+06
2.26777e+06
2.29024e+06
2.34295e+06
2.23022e+06
2.25755e+06
2.2225e+06
2.27564e+06
2.26856e+06
2.25436e+06
2.22092e+06
2.1471e+06
2.25492e+06
2.27359e+06
2.20434e+06
2.33766e+06
2.2384e+06
2.24605e+06
2.26902e+06
2.20691e+06
2.244e+06
2.1894e+06
2.22067e+06
2.33934e+06
2.27209e+06
2.29718e+06
2.32919e+06
2.22122e+06
2.2992e+06
2.13495e+06
2.21664e+06
2.24427e+06
2.34282e+06
2.14873e+06
2.25296e+06
2.24428e+06
2.32954e+06
2.25056e+06
2.23289e+06
2.23114e+06
2.2455e+06
2.27107e+06
2.27675e+06
2.32964e+06
2.25355e+06
2.22786e+06
2.20465e+06
2.26198e+06
2.2985e+06
2.19454e+06
2.17043e+06
2.25665e+06
2.32018e+06
2.29656e+06
2.23938e+06
2.32901e+06
2.1579e+06
2.24698e+06
2.26147e+06
2.21033e+06
2.25054e+06
2.22059e+06
2.24857e+06
2.20784e+06
2.23351e+06
2.15488e+06
2.25887e+06
2.23906e+06
2.24476e+06
2.1614e+06
2.20833e+06
2.23695e+06
2.1945e+06
2.16862e+06
2.30605e+06
2.21989e+06
2.21475e+06
2.2955e+06
2.30993e+06
2.29032e+06
2.34854e+06
2.22721e+06
2.30269e+06
2.24855e+06
2.33474e+06
2.26937e+06
2.26822e+06
2.33085e+06
2.31031e+06
2.31666e+06
2.25831e+06
2.2982e+06
2.17307e+06
2.20974e+06
2.35244e+06
2.23215e+06
2.35318e+06
2.22752e+06
2.30519e+06
2.29429e+06
2.24618e+06
2.20201e+06
2.30462e+06
2.3697e+06
2.35858e+06
2.36207e+06
2.15808e+06
2.26913e+06
2.26531e+06
2.25489e+06
2.13333e+06
2.19901e+06
2.30469e+06
2.26261e+06
2.22819e+06
2.24697e+06
2.21685e+06
2.13373e+06
2.25175e+06
2.2332e+06
2.22463e+06
2.16514e+06
2.22415e+06
2.10844e+06
2.2841e+06
2.16868e+06
2.21044e+06
2.12647e+06
2.31578e+06
2.27239e+06
2.22266e+06
2.21058e+06
2.14471e+06
2.2307e+06
2.28307e+06
2.2719e+06
2.21962e+06
2.22577e+06
2.30116e+06
2.28331e+06
2.24452e+06
2.28064e+06
2.14847e+06
2.17733e+06
2.25572e+06
2.23547e+06
2.29829e+06
2.23477e+06
2.21277e+06
2.34171e+06
2.17233e+06
2.2099e+06
2.27318e+06
2.24361e+06
2.24401e+06
2.25819e+06
2.26874e+06
2.20997e+06
2.22012e+06
2.14297e+06
2.29481e+06
2.21455e+06
2.13463e+06
2.26889e+06
2.20337e+06
2.28792e+06
2.18606e+06
2.24067e+06
2.21488e+06
2.30909e+06
2.2384e+06
2.23007e+06
2.34473e+06
2.23549e+06
2.32229e+06
2.23948e+06
2.22679e+06
2.22012e+06
2.2697e+06
2.22431e+06
2.27918e+06
2.20117e+06
2.36492e+06
2.2436e+06
2.26625e+06
2.25304e+06
2.29663e+06
2.32662e+06
2.10509e+06
2.25454e+06
2.14102e+06
2.22484e+06
2.29047e+06
2.25826e+06
2.33624e+06
2.26281e+06
2.19537e+06
2.1732e+06
2.2701e+06
2.21231e+06
2.20246e+06
2.2745e+06
2.34705e+06
2.25922e+06
2.24226e+06
2.16313e+06
2.12653e+06
2.11136e+06
2.1592e+06
2.30704e+06
2.21641e+06
2.23809e+06
2.16165e+06
2.30721e+06
2.21753e+06
2.26243e+06
2.25457e+06
2.24896e+06
2.22127e+06
2.46102e+06
2.27295e+06
2.25107e+06
2.2554e+06
2.26018e+06
2.28891e+06
2.27021e+06
2.17893e+06
2.26033e+06
2.14604e+06
2.28533e+06
2.20969e+06
2.23533e+06
2.25208e+06
2.2402e+06
2.2855e+06
2.25975e+06
2.20825e+06
2.25515e+06
2.24921e+06
2.24916e+06
2.29623e+06
2.23461e+06
2.20964e+06
2.32e+06
2.30229e+06
2.25446e+06
2.24049e+06
2.27497e+06
2.32345e+06
2.23505e+06
2.3062e+06
2.33116e+06
2.22924e+06
2.26377e+06
2.26357e+06
2.15122e+06
2.25053e+06
2.12445e+06
2.28817e+06
2.24841e+06
2.18867e+06
2.25234e+06
2.29022e+06
2.37617e+06
2.28004e+06
2.25828e+06
2.35562e+06
2.23989e+06
2.24948e+06
2.32721e+06
2.27367e+06
2.287e+06
2.2646e+06
2.24498e+06
2.26435e+06
2.20945e+06
2.16358e+06
2.26118e+06
2.20024e+06
2.26939e+06
2.14658e+06
2.24774e+06
2.29434e+06
2.3199e+06
2.26934e+06
2.33357e+06
2.28607e+06
2.24885e+06
2.241e+06
2.27149e+06
2.2635e+06
2.20594e+06
2.2605e+06
2.28448e+06
2.23667e+06
2.23423e+06
2.24826e+06
2.23501e+06
2.33084e+06
2.20295e+06
2.26762e+06
2.13985e+06
2.26353e+06
2.29704e+06
2.28836e+06
2.27443e+06
2.27678e+06
2.27366e+06
2.29885e+06
2.23052e+06
2.31602e+06
2.21851e+06
2.12824e+06
2.16283e+06
2.18787e+06
2.28457e+06
2.23282e+06
2.21164e+06
2.18462e+06
2.3162e+06
2.19424e+06
2.24839e+06
2.2515e+06
2.27316e+06
2.19809e+06
2.24007e+06
2.22104e+06
2.19758e+06
2.19553e+06
2.28138e+06
2.1989e+06
2.29076e+06
2.26797e+06
2.36747e+06
2.32177e+06
2.30868e+06
2.27031e+06
2.17136e+06
2.25257e+06
2.21921e+06
2.30521e+06
2.2424e+06
2.37425e+06
2.31472e+06
2.20786e+06
2.23049e+06
2.17977e+06
2.24009e+06
2.31125e+06
2.16918e+06
2.24313e+06
2.27247e+06
2.31016e+06
2.27397e+06
2.16824e+06
2.18981e+06
2.27598e+06
2.24463e+06
2.31636e+06
2.33293e+06
2.15053e+06
2.24763e+06
2.30385e+06
2.19809e+06
2.26847e+06
2.23608e+06
2.27591e+06
2.24169e+06
2.27707e+06
2.28297e+06
2.28187e+06
2.24488e+06
2.27121e+06
2.2317e+06
2.19022e+06
2.22235e+06
2.22058e+06
2.20806e+06
2.17731e+06
2.18414e+06
2.19111e+06
2.31759e+06
2.28987e+06
2.20488e+06
2.25315e+06
2.28458e+06
2.32683e+06
2.20471e+06
2.20864e+06
2.19277e+06
2.26336e+06
2.25977e+06
2.2629e+06
2.19457e+06
2.25253e+06
2.31608e+06
2.16607e+06
2.13633e+06
2.31789e+06
2.3188e+06
2.27703e+06
2.31013e+06
2.24115e+06
2.31053e+06
2.25758e+06
2.30862e+06
2.23264e+06
2.27939e+06
2.30063e+06
2.17309e+06
2.19629e+06
2.31498e+06
2.28045e+06
2.26566e+06
2.34474e+06
2.22428e+06
2.15676e+06
2.27593e+06
2.33005e+06
2.17138e+06
2.26494e+06
2.23679e+06
2.29078e+06
2.27343e+06
2.20198e+06
2.33985e+06
2.30626e+06
2.14022e+06
2.22936e+06
2.29675e+06
2.27054e+06
2.1699e+06
2.27507e+06
2.16906e+06
2.32047e+06
2.21458e+06
2.34535e+06
2.26162e+06
2.29338e+06
2.21937e+06
2.25168e+06
2.25595e+06
2.28291e+06
2.16453e+06
2.29177e+06
2.21866e+06
2.21788e+06
2.19875e+06
2.2975e+06
2.31475e+06
2.11381e+06
2.27872e+06
2.29354e+06
2.18487e+06
2.29639e+06
2.19775e+06
2.25397e+06
