2.21137e+06
2.28758e+06
2.29e+06
2.16594e+06
2.15943e+06
2.19351e+06
2.27218e+06
2.30257e+06
2.2697e+06
2.28409e+06
2.30098e+06
2.32307e+06
2.24653e+06
2.27479e+06
2.2726e+06
2.30771e+06
2.24097e+06
2.21915e+06
2.24493e+06
2.2877e+06
2.25005e+06
2.31971e+06
2.16753e+06
2.21828e+06
2.28309e+06
2.25871e+06
2.09342e+06
2.1793e+06
2.29225e+06
2.24526e+06
2.22142e+06
2.17309e+06
2.26479e+06
2.16353e+06
2.30684e+06
2.22249e+06
2.28126e+06
2.22124e+06
2.27635e+06
2.13554e+06
2.30447e+06
2.22805e+06
2.31044e+06
2.31544e+06
2.27267e+06
2.22897e+06
2.27283e+06
2.28898e+06
2.26963e+06
2.20959e+06
2.27881e+06
2.30636e+06
2.2169e+06
2.26938e+06
2.20956e+06
2.23821e+06
2.23602e+06
2.13302e+06
2.20923e+06
2.20579e+06
2.23579e+06
2.10108e+06
2.22661e+06
2.2071e+06
2.26188e+06
2.25048e+06
2.14454e+06
2.21319e+06
2.321e+06
2.1167e+06
2.20054e+06
2.26278e+06
2.3231e+06
2.24939e+06
2.26731e+06
2.22594e+06
2.23913e+06
2.25136e+06
2.27177e+06
2.31538e+06
2.20999e+06
2.14015e+06
2.25395e+06
2.30216e+06
2.21276e+06
2.23565e+06
2.19674e+06
2.28746e+06
2.20592e+06
2.17552e+06
2.29447e+06
2.20681e+06
2.26027e+06
2.22685e+06
2.2878e+06
2.38639e+06
2.31631e+06
2.23652e+06
2.3461e+06
2.3021e+06
2.23389e+06
2.25374e+06
2.325e+06
2.24053e+06
2.2759e+06
2.34803e+06
2.1446e+06
2.25272e+06
2.23075e+06
2.11396e+06
2.21637e+06
2.20057e+06
2.21717e+06
2.21231e+06
2.18727e+06
2.287e+06
2.24658e+06
2.24464e+06
2.2849e+06
2.29943e+06
2.29964e+06
2.25432e+06
2.25217e+06
2.29321e+06
2.25811e+06
2.28129e+06
2.31944e+06
2.2216e+06
2.30294e+06
2.2173e+06
2.24059e+06
2.22005e+06
2.31087e+06
2.26483e+06
2.18658e+06
2.20634e+06
2.22717e+06
2.30842e+06
2.26532e+06
2.31771e+06
2.22026e+06
2.30597e+06
2.10307e+06
2.26356e+06
2.23589e+06
2.29873e+06
2.26886e+06
2.23958e+06
2.12766e+06
2.25415e+06
2.28009e+06
2.2498e+06
2.18322e+06
2.28043e+06
2.26425e+06
2.2538e+06
2.31279e+06
2.15079e+06
2.24873e+06
2.19784e+06
2.24665e+06
2.20051e+06
2.32597e+06
2.25586e+06
2.30457e+06
2.23662e+06
2.26772e+06
2.26996e+06
2.27088e+06
2.28493e+06
2.28784e+06
2.2343e+06
2.25856e+06
2.22682e+06
2.23556e+06
2.31228e+06
2.21211e+06
2.23163e+06
2.19415e+06
2.1813e+06
2.24625e+06
2.06883e+06
2.20974e+06
2.23609e+06
2.22339e+06
2.13159e+06
2.25921e+06
2.23453e+06
2.24721e+06
2.19851e+06
2.23141e+06
2.20122e+06
2.2052e+06
2.32903e+06
2.29722e+06
2.21217e+06
2.26633e+06
2.21134e+06
2.27891e+06
2.29693e+06
2.21337e+06
2.27559e+06
2.28766e+06
2.2237e+06
2.26346e+06
2.12483e+06
2.19123e+06
2.17555e+06
2.25498e+06
2.2328e+06
2.25829e+06
2.301e+06
2.18248e+06
2.24389e+06
2.13024e+06
2.2958e+06
2.27636e+06
2.1556e+06
2.24948e+06
2.24468e+06
2.18796e+06
2.33611e+06
2.30505e+06
2.20235e+06
2.1043e+06
2.20402e+06
2.27694e+06
2.30614e+06
2.31579e+06
2.25492e+06
2.24016e+06
2.22923e+06
2.25466e+06
2.27376e+06
2.2175e+06
2.27717e+06
2.29538e+06
2.1434e+06
2.20147e+06
2.13201e+06
2.24523e+06
2.25372e+06
2.32481e+06
2.31853e+06
2.21089e+06
2.25408e+06
2.39589e+06
2.35492e+06
2.25819e+06
2.28721e+06
2.24903e+06
2.17006e+06
2.14648e+06
2.18121e+06
2.26627e+06
2.22083e+06
2.21483e+06
2.30411e+06
2.15961e+06
2.26816e+06
2.22275e+06
2.32761e+06
2.22217e+06
2.2959e+06
2.17316e+06
2.1511e+06
2.27925e+06
2.24915e+06
2.18022e+06
2.24985e+06
2.34015e+06
2.22924e+06
2.25167e+06
2.23589e+06
2.14161e+06
2.24836e+06
2.21242e+06
2.2327e+06
2.21274e+06
2.22568e+06
2.21304e+06
2.23514e+06
2.18554e+06
2.25575e+06
2.20987e+06
2.30305e+06
2.20659e+06
2.19763e+06
2.30354e+06
2.24639e+06
2.29978e+06
2.30924e+06
2.13621e+06
2.19548e+06
2.21835e+06
2.22323e+06
2.22938e+06
2.18034e+06
2.24472e+06
2.24749e+06
2.20114e+06
2.23211e+06
2.22331e+06
2.21256e+06
2.25257e+06
2.26843e+06
2.14141e+06
2.25642e+06
2.16053e+06
2.2848e+06
2.22826e+06
2.23099e+06
2.23169e+06
2.24766e+06
2.19874e+06
2.25049e+06
2.22327e+06
2.18995e+06
2.2802e+06
2.26149e+06
2.28187e+06
2.25933e+06
2.30081e+06
2.24903e+06
2.24465e+06
2.24346e+06
2.36843e+06
2.2648e+06
2.15579e+06
2.23356e+06
2.21508e+06
2.23702e+06
2.25556e+06
2.16396e+06
2.27133e+06
2.313e+06
2.22808e+06
2.28401e+06
2.26412e+06
2.27569e+06
2.32419e+06
2.21329e+06
2.26488e+06
2.18831e+06
2.2174e+06
2.29012e+06
2.30532e+06
2.18139e+06
2.22469e+06
2.28909e+06
2.25877e+06
2.36586e+06
2.10942e+06
2.27053e+06
2.26586e+06
2.22239e+06
2.27118e+06
2.16286e+06
2.26539e+06
2.26891e+06
2.21365e+06
2.30942e+06
2.27512e+06
2.38247e+06
2.26633e+06
2.23691e+06
2.27076e+06
2.25472e+06
2.27851e+06
2.36842e+06
2.25577e+06
2.27151e+06
2.28003e+06
2.18999e+06
2.24118e+06
2.25656e+06
2.27573e+06
2.27105e+06
2.22081e+06
2.23606e+06
2.11161e+06
2.27696e+06
2.24736e+06
2.2207e+06
2.22914e+06
2.29629e+06
2.25512e+06
2.2638e+06
2.24976e+06
2.24061e+06
2.13976e+06
2.18285e+06
2.31801e+06
2.2291e+06
2.23121e+06
2.23539e+06
2.23053e+06
2.29889e+06
2.22234e+06
2.23953e+06
2.2275e+06
2.27079e+06
2.22873e+06
2.3486e+06
2.20494e+06
2.30632e+06
2.26017e+06
2.29209e+06
2.24107e+06
2.30653e+06
2.17236e+06
2.24793e+06
2.21631e+06
2.28883e+06
2.26797e+06
2.28262e+06
2.21412e+06
2.30259e+06
2.16168e+06
2.2802e+06
2.29812e+06
2.20169e+06
2.22104e+06
2.23742e+06
2.31914e+06
2.24529e+06
2.21701e+06
2.30794e+06
2.24204e+06
2.20643e+06
2.24995e+06
2.25306e+06
2.20725e+06
2.29523e+06
2.26441e+06
2.31967e+06
2.13989e+06
2.20398e+06
2.21352e+06
2.26997e+06
2.33381e+06
2.23353e+06
2.27173e+06
2.2264e+06
2.26833e+06
2.20494e+06
2.24079e+06
2.30183e+06
2.16977e+06
2.42009e+06
2.15333e+06
2.16667e+06
2.20575e+06
2.23599e+06
2.23789e+06
2.31677e+06
2.34747e+06
2.34657e+06
2.3007e+06
2.23484e+06
2.19598e+06
2.30404e+06
2.26603e+06
2.28578e+06
2.20016e+06
2.27522e+06
2.3285e+06
2.2277e+06
2.28108e+06
2.21173e+06
2.2392e+06
2.25524e+06
2.17354e+06
2.29608e+06
2.23802e+06
2.13568e+06
2.27388e+06
2.22026e+06
2.32187e+06
2.18112e+06
2.26193e+06
2.3021e+06
2.17597e+06
2.19346e+06
2.2674e+06
2.33025e+06
2.20464e+06
2.22769e+06
2.21746e+06
2.23137e+06
2.26901e+06
2.29968e+06
2.23752e+06
2.26187e+06
2.32499e+06
2.26932e+06
2.30713e+06
2.23408e+06
2.21447e+06
2.18456e+06
2.1888e+06
2.34709e+06
2.34701e+06
2.19148e+06
2.29803e+06
2.2253e+06
2.24917e+06
2.29629e+06
2.34305e+06
2.24841e+06
2.20011e+06
2.24214e+06
2.30034e+06
2.29935e+06
2.24238e+06
2.27956e+06
2.25637e+06
2.26635e+06
2.35477e+06
2.25452e+06
2.20095e+06
2.16188e+06
2.2567e+06
2.15994e+06
2.24133e+06
2.27072e+06
2.30749e+06
2.31147e+06
2.20399e+06
2.261e+06
2.29558e+06
2.25976e+06
2.22669e+06
2.25454e+06
2.19225e+06
2.29555e+06
2.23969e+06
2.28678e+06
2.35762e+06
2.26592e+06
2.33339e+06
2.23217e+06
2.27372e+06
2.18175e+06
2.16697e+06
2.21419e+06
2.108e+06
2.11899e+06
2.2182e+06
2.22526e+06
2.16108e+06
2.27155e+06
2.29322e+06
2.20274e+06
2.19105e+06
2.18481e+06
2.35044e+06
2.18668e+06
2.31465e+06
2.25234e+06
2.27764e+06
2.27725e+06
2.13711e+06
2.26113e+06
2.28327e+06
2.32288e+06
2.23119e+06
2.33443e+06
2.17411e+06
2.25016e+06
2.31543e+06
2.24996e+06
2.2531e+06
2.26116e+06
2.27883e+06
2.30344e+06
2.1565e+06
2.3883e+06
2.19303e+06
2.21835e+06
2.23829e+06
2.23619e+06
2.27131e+06
2.21896e+06
2.24395e+06
2.28831e+06
2.29646e+06
2.25199e+06
2.24389e+06
2.34941e+06
2.28974e+06
2.19875e+06
2.18664e+06
2.2479e+06
2.31354e+06
2.24168e+06
2.21124e+06
2.33023e+06
2.22056e+06
2.26679e+06
2.26049e+06
2.2145e+06
2.30155e+06
2.3171e+06
2.26256e+06
2.2038e+06
2.12235e+06
2.28212e+06
2.19801e+06
2.23936e+06
2.20023e+06
2.24834e+06
2.19479e+06
2.25848e+06
2.18695e+06
2.18227e+06
2.29452e+06
2.24516e+06
2.29237e+06
2.22379e+06
2.20406e+06
2.18767e+06
2.21772e+06
2.31794e+06
2.22765e+06
2.15233e+06
2.30433e+06
2.28236e+06
2.18964e+06
2.18041e+06
2.27634e+06
2.21343e+06
2.23248e+06
2.25093e+06
2.23992e+06
2.22205e+06
2.27603e+06
2.30228e+06
2.28951e+06
2.32988e+06
2.32047e+06
2.24201e+06
2.22963e+06
2.28916e+06
2.27862e+06
2.33431e+06
2.22622e+06
2.3397e+06
2.27934e+06
2.29462e+06
2.18682e+06
2.18812e+06
2.22009e+06
2.26025e+06
2.21811e+06
2.1893e+06
2.18093e+06
2.2916e+06
2.26163e+06
2.26088e+06
2.32552e+06
2.17764e+06
2.24245e+06
2.21377e+06
2.33463e+06
2.30898e+06
2.17223e+06
2.12445e+06
2.26445e+06
2.26131e+06
2.25631e+06
2.2597e+06
2.19384e+06
2.30546e+06
2.25921e+06
2.22234e+06
2.22233e+06
2.28072e+06
2.279e+06
2.30912e+06
2.23196e+06
2.34979e+06
2.13909e+06
2.27722e+06
2.2651e+06
2.16046e+06
2.17271e+06
2.17143e+06
2.19874e+06
2.18236e+06
2.2405e+06
2.23125e+06
2.20252e+06
2.26922e+06
2.21898e+06
2.20526e+06
2.2307e+06
2.21764e+06
2.27715e+06
2.20743e+06
2.17871e+06
2.28125e+06
2.28815e+06
2.26238e+06
2.28019e+06
2.23452e+06
2.19343e+06
2.28816e+06
2.27762e+06
2.2534e+06
2.26775e+06
2.19145e+06
2.16965e+06
2.26276e+06
2.22905e+06
2.25333e+06
2.1648e+06
2.25491e+06
2.28598e+06
2.27131e+06
2.3055e+06
2.17091e+06
2.25029e+06
2.13969e+06
2.29836e+06
2.25725e+06
2.28521e+06
2.24575e+06
2.30122e+06
2.27995e+06
2.285e+06
2.1663e+06
2.21652e+06
2.23504e+06
2.1738e+06
2.19603e+06
2.30472e+06
2.35458e+06
2.15436e+06
2.25193e+06
2.13157e+06
2.2814e+06
2.20034e+06
2.24164e+06
2.26367e+06
2.28968e+06
2.27277e+06
2.21231e+06
2.29806e+06
2.25505e+06
2.17699e+06
2.26059e+06
2.25513e+06
2.32558e+06
2.24365e+06
2.19468e+06
2.2914e+06
2.21677e+06
2.26177e+06
2.30628e+06
2.24625e+06
2.18498e+06
2.18074e+06
2.25531e+06
2.2739e+06
2.21196e+06
2.16773e+06
2.37502e+06
2.19341e+06
2.28572e+06
2.27935e+06
2.30411e+06
2.27843e+06
2.18742e+06
2.35508e+06
2.23277e+06
2.22663e+06
2.15671e+06
2.24132e+06
2.27739e+06
2.29581e+06
2.21613e+06
2.23253e+06
2.19563e+06
2.2426e+06
2.31984e+06
2.20279e+06
2.28488e+06
2.21715e+06
2.23065e+06
2.21966e+06
2.26853e+06
2.24598e+06
2.29185e+06
2.27642e+06
2.23166e+06
2.21912e+06
2.28045e+06
2.20877e+06
2.29278e+06
2.1501e+06
2.16283e+06
2.2286e+06
2.14311e+06
2.23174e+06
2.19252e+06
2.18471e+06
2.35932e+06
2.21759e+06
2.3117e+06
2.23396e+06
2.2353e+06
2.2444e+06
2.26173e+06
2.28861e+06
2.24361e+06
2.2912e+06
2.20685e+06
2.37937e+06
2.23941e+06
2.2773e+06
2.30265e+06
2.29012e+06
2.22239e+06
2.3077e+06
2.32715e+06
2.18713e+06
2.22162e+06
2.25456e+06
2.25778e+06
2.305e+06
2.17677e+06
2.16101e+06
2.23117e+06
2.27621e+06
2.30997e+06
2.08372e+06
2.25567e+06
2.34768e+06
2.2615e+06
2.24483e+06
2.26323e+06
2.28213e+06
2.26006e+06
2.35302e+06
2.19694e+06
2.23638e+06
2.18773e+06
2.23752e+06
2.20098e+06
2.28959e+06
2.24901e+06
2.30901e+06
2.24302e+06
2.25566e+06
2.19326e+06
2.28376e+06
2.24907e+06
2.23643e+06
2.19727e+06
2.23625e+06
2.18548e+06
2.18626e+06
2.33002e+06
2.2089e+06
2.3018e+06
2.23535e+06
2.21354e+06
2.2215e+06
2.27669e+06
2.16994e+06
2.32982e+06
2.32759e+06
2.19706e+06
2.27507e+06
2.21807e+06
2.18792e+06
2.23176e+06
2.16968e+06
2.26635e+06
2.28862e+06
2.13893e+06
2.25949e+06
2.18345e+06
2.31474e+06
2.29165e+06
2.29114e+06
2.2706e+06
2.37973e+06
2.28991e+06
2.20546e+06
2.15409e+06
2.17602e+06
2.2112e+06
2.28727e+06
2.25946e+06
2.22723e+06
2.17607e+06
2.24028e+06
2.17781e+06
2.31707e+06
2.32113e+06
2.27367e+06
2.33981e+06
2.24024e+06
2.22537e+06
2.31001e+06
2.333e+06
2.25293e+06
2.26701e+06
2.27388e+06
2.20467e+06
2.17067e+06
2.0721e+06
2.11736e+06
2.21829e+06
2.22444e+06
2.21392e+06
2.34367e+06
2.20478e+06
2.38735e+06
2.18519e+06
2.25357e+06
2.23727e+06
2.19004e+06
2.20166e+06
2.36744e+06
2.19844e+06
2.27717e+06
2.10788e+06
2.26536e+06
2.26508e+06
2.26514e+06
2.25916e+06
2.29367e+06
2.22827e+06
2.20439e+06
2.34925e+06
2.22509e+06
2.22264e+06
2.21261e+06
2.29857e+06
2.13759e+06
2.24335e+06
2.26854e+06
2.2513e+06
2.14823e+06
2.2417e+06
2.2016e+06
2.2318e+06
2.20469e+06
2.16581e+06
2.34786e+06
2.14697e+06
2.21271e+06
2.2084e+06
2.28201e+06
2.28051e+06
2.22454e+06
2.2172e+06
2.38633e+06
2.25809e+06
2.26529e+06
2.25165e+06
2.2211e+06
2.28237e+06
2.24673e+06
2.29106e+06
2.24282e+06
2.22481e+06
2.31084e+06
2.20291e+06
2.30382e+06
2.32463e+06
2.28523e+06
2.16128e+06
2.25458e+06
2.24968e+06
2.22532e+06
2.1877e+06
2.353e+06
2.33282e+06
2.26952e+06
2.28882e+06
2.17502e+06
2.36316e+06
2.24296e+06
2.23937e+06
2.30935e+06
2.2268e+06
2.23437e+06
2.29652e+06
2.23901e+06
2.3461e+06
2.27791e+06
2.29342e+06
2.2492e+06
2.32197e+06
2.25585e+06
2.16668e+06
