2.20994e+06
2.19211e+06
2.20693e+06
2.27502e+06
2.38308e+06
2.24202e+06
2.12397e+06
2.27004e+06
2.29191e+06
2.26362e+06
2.22999e+06
2.16238e+06
2.22065e+06
2.26057e+06
2.31066e+06
2.18778e+06
2.233e+06
2.30092e+06
2.29763e+06
2.15934e+06
2.16601e+06
2.28387e+06
2.26491e+06
2.19092e+06
2.31886e+06
2.26762e+06
2.37597e+06
2.25162e+06
2.21994e+06
2.30996e+06
2.20956e+06
2.23177e+06
2.16402e+06
2.2805e+06
2.19709e+06
2.28748e+06
2.32914e+06
2.1278e+06
2.22187e+06
2.32393e+06
2.24689e+06
2.16779e+06
2.22952e+06
2.2776e+06
2.27928e+06
2.27066e+06
2.24066e+06
2.21401e+06
2.17437e+06
2.1477e+06
2.12248e+06
2.26531e+06
2.18126e+06
2.26992e+06
2.23073e+06
2.29798e+06
2.24341e+06
2.26352e+06
2.28721e+06
2.18401e+06
2.28814e+06
2.2315e+06
2.25561e+06
2.31386e+06
2.23619e+06
2.20152e+06
2.36111e+06
2.2865e+06
2.24578e+06
2.18011e+06
2.21888e+06
2.24989e+06
2.25485e+06
2.32207e+06
2.23753e+06
2.25673e+06
2.10763e+06
2.23941e+06
2.17221e+06
2.17304e+06
2.32128e+06
2.29035e+06
2.15406e+06
2.25518e+06
2.23638e+06
2.16227e+06
2.26771e+06
2.2242e+06
2.26463e+06
2.3488e+06
2.24105e+06
2.21398e+06
2.27698e+06
2.18448e+06
2.18948e+06
2.26772e+06
2.30048e+06
2.22955e+06
2.2649e+06
2.14394e+06
2.3038e+06
2.29498e+06
2.29898e+06
2.20618e+06
2.2996e+06
2.17441e+06
2.30467e+06
2.20135e+06
2.24045e+06
2.29571e+06
2.12582e+06
2.18132e+06
2.30318e+06
2.25286e+06
2.21113e+06
2.14797e+06
2.32305e+06
2.24131e+06
2.21253e+06
2.14306e+06
2.18016e+06
2.21755e+06
2.27902e+06
2.37859e+06
2.18108e+06
2.30603e+06
2.34995e+06
2.2569e+06
2.27556e+06
2.2425e+06
2.26786e+06
2.28921e+06
2.25334e+06
2.19362e+06
2.15178e+06
2.25774e+06
2.22501e+06
2.28889e+06
2.28488e+06
2.32361e+06
2.30345e+06
2.25781e+06
2.26865e+06
2.22602e+06
2.27314e+06
2.28894e+06
2.35316e+06
2.23762e+06
2.29361e+06
2.26131e+06
2.15777e+06
2.32925e+06
2.27902e+06
2.20713e+06
2.28744e+06
2.2915e+06
2.21545e+06
2.19976e+06
2.14501e+06
2.25977e+06
2.26833e+06
2.27232e+06
2.21861e+06
2.21553e+06
2.23477e+06
2.19062e+06
2.21029e+06
2.14679e+06
2.31196e+06
2.15417e+06
2.20186e+06
2.3219e+06
2.29531e+06
2.24359e+06
2.22727e+06
2.274e+06
2.24015e+06
2.27197e+06
2.16591e+06
2.28263e+06
2.20863e+06
2.24045e+06
2.25711e+06
2.2787e+06
2.23124e+06
2.1897e+06
2.30292e+06
2.24799e+06
2.2546e+06
2.20923e+06
2.23624e+06
2.24682e+06
2.35276e+06
2.27713e+06
2.29469e+06
2.23889e+06
2.2634e+06
2.25521e+06
2.25935e+06
2.22476e+06
2.20904e+06
2.24307e+06
2.27184e+06
2.21594e+06
2.35945e+06
2.28255e+06
2.19232e+06
2.16384e+06
2.27328e+06
2.30548e+06
2.20553e+06
2.19942e+06
2.25009e+06
2.22607e+06
2.32294e+06
2.19832e+06
2.27909e+06
2.16972e+06
2.21017e+06
2.30237e+06
2.27976e+06
2.24021e+06
2.20533e+06
2.23981e+06
2.24597e+06
2.2681e+06
2.33137e+06
2.18957e+06
2.28289e+06
2.24219e+06
2.34131e+06
2.20078e+06
2.23029e+06
2.22241e+06
2.3125e+06
2.1901e+06
2.23126e+06
2.21037e+06
2.31068e+06
2.17259e+06
2.18999e+06
2.18317e+06
2.28489e+06
2.22505e+06
2.28677e+06
2.29799e+06
2.37525e+06
2.2552e+06
2.2092e+06
2.3614e+06
2.19662e+06
2.218e+06
2.22681e+06
2.22503e+06
2.17289e+06
2.23793e+06
2.22034e+06
2.21442e+06
2.33064e+06
2.25754e+06
2.24941e+06
2.23713e+06
2.26528e+06
2.16342e+06
2.17491e+06
2.28254e+06
2.2723e+06
2.22941e+06
2.2183e+06
2.24165e+06
2.27546e+06
2.20213e+06
2.25961e+06
2.23669e+06
2.25181e+06
2.24333e+06
2.25022e+06
2.26459e+06
2.19368e+06
2.13373e+06
2.27536e+06
2.25289e+06
2.18837e+06
2.23439e+06
2.27322e+06
2.27157e+06
2.25785e+06
2.30968e+06
2.14191e+06
2.22886e+06
2.17245e+06
2.24677e+06
2.20189e+06
2.27441e+06
2.21417e+06
2.2744e+06
2.26836e+06
2.14277e+06
2.2275e+06
2.35708e+06
2.12144e+06
2.29454e+06
2.24708e+06
2.32979e+06
2.302e+06
2.34448e+06
2.31546e+06
2.31986e+06
2.18055e+06
2.24204e+06
2.2226e+06
2.24332e+06
2.25366e+06
2.22395e+06
2.22943e+06
2.30312e+06
2.32849e+06
2.31477e+06
2.29147e+06
2.19301e+06
2.28852e+06
2.2178e+06
2.21131e+06
2.24386e+06
2.20907e+06
2.23858e+06
2.27018e+06
2.3114e+06
2.24464e+06
2.32868e+06
2.23563e+06
2.24104e+06
2.2038e+06
2.22888e+06
2.21249e+06
2.21836e+06
2.18619e+06
2.22225e+06
2.30446e+06
2.16559e+06
2.28075e+06
2.2203e+06
2.18975e+06
2.25942e+06
2.2392e+06
2.23404e+06
2.23747e+06
2.24401e+06
2.22107e+06
2.25511e+06
2.19751e+06
2.29205e+06
2.2784e+06
2.20508e+06
2.31668e+06
2.15356e+06
2.26687e+06
2.21978e+06
2.2506e+06
2.26134e+06
2.302e+06
2.21074e+06
2.32443e+06
2.21521e+06
2.20422e+06
2.28966e+06
2.306e+06
2.27043e+06
2.31354e+06
2.30664e+06
2.27136e+06
2.27699e+06
2.28743e+06
2.16255e+06
2.21756e+06
2.32418e+06
2.19514e+06
2.22689e+06
2.30174e+06
2.29571e+06
2.22351e+06
2.20774e+06
2.31634e+06
2.20656e+06
2.27944e+06
2.24814e+06
2.17946e+06
2.33937e+06
2.23357e+06
2.21698e+06
2.21154e+06
2.29633e+06
2.30272e+06
2.30773e+06
2.21239e+06
2.23064e+06
2.24294e+06
2.24777e+06
2.23016e+06
2.21681e+06
2.26298e+06
2.26399e+06
2.17724e+06
2.29736e+06
2.24626e+06
2.22442e+06
2.27785e+06
2.26299e+06
2.23355e+06
2.29682e+06
2.27063e+06
2.30216e+06
2.18309e+06
2.23975e+06
2.26429e+06
2.12196e+06
2.20275e+06
2.26686e+06
2.18703e+06
2.2726e+06
2.24605e+06
2.28128e+06
2.22711e+06
2.2223e+06
2.22156e+06
2.26725e+06
2.2806e+06
2.22999e+06
2.21967e+06
2.19389e+06
2.26078e+06
2.20929e+06
2.21446e+06
2.20029e+06
2.321e+06
2.31425e+06
2.23227e+06
2.23489e+06
2.21237e+06
2.25724e+06
2.26692e+06
2.26027e+06
2.26719e+06
2.20736e+06
2.24749e+06
2.26695e+06
2.24336e+06
2.24922e+06
2.35302e+06
2.28322e+06
2.33219e+06
2.28547e+06
2.24806e+06
2.26803e+06
2.19572e+06
2.25741e+06
2.34109e+06
2.29822e+06
2.20855e+06
2.1995e+06
2.19096e+06
2.18776e+06
2.2555e+06
2.19529e+06
2.21982e+06
2.17963e+06
2.11894e+06
2.33377e+06
2.25623e+06
2.31605e+06
2.27131e+06
2.20846e+06
2.22164e+06
2.26459e+06
2.22201e+06
2.33684e+06
2.21461e+06
2.23702e+06
2.24314e+06
2.32749e+06
2.29534e+06
2.2898e+06
2.28415e+06
2.29429e+06
2.18057e+06
2.30577e+06
2.25943e+06
2.18158e+06
2.33654e+06
2.23397e+06
2.16957e+06
2.17271e+06
2.3106e+06
2.18675e+06
2.23911e+06
2.23757e+06
2.20956e+06
2.28213e+06
2.26918e+06
2.26534e+06
2.2521e+06
2.21835e+06
2.27468e+06
2.23524e+06
2.22417e+06
2.30615e+06
2.21752e+06
2.17634e+06
2.28505e+06
2.18935e+06
2.23063e+06
2.33582e+06
2.18868e+06
2.22408e+06
2.26505e+06
2.25332e+06
2.32193e+06
2.18636e+06
2.31333e+06
2.24191e+06
2.30364e+06
2.23333e+06
2.28024e+06
2.26078e+06
2.33484e+06
2.18543e+06
2.31722e+06
2.2562e+06
2.2999e+06
2.24283e+06
2.17143e+06
2.30588e+06
2.31372e+06
2.28714e+06
2.23748e+06
2.20463e+06
2.24517e+06
2.32983e+06
2.23521e+06
2.24367e+06
2.31349e+06
2.24521e+06
2.27912e+06
2.27217e+06
2.18269e+06
2.3203e+06
2.1825e+06
2.34006e+06
2.25034e+06
2.18941e+06
2.16371e+06
2.21924e+06
2.16058e+06
2.21989e+06
2.17772e+06
2.29996e+06
2.22553e+06
2.19703e+06
2.23101e+06
2.25918e+06
2.20731e+06
2.30816e+06
2.22717e+06
2.28064e+06
2.22519e+06
2.22149e+06
2.31594e+06
2.24725e+06
2.28783e+06
2.30875e+06
2.24187e+06
2.2907e+06
2.21391e+06
2.24813e+06
2.30757e+06
2.24005e+06
2.16611e+06
2.26206e+06
2.24343e+06
2.22934e+06
2.21185e+06
2.18317e+06
2.30881e+06
2.26875e+06
2.21256e+06
2.29826e+06
2.20496e+06
2.29675e+06
2.23281e+06
2.20951e+06
2.26268e+06
2.20789e+06
2.28812e+06
2.2911e+06
2.24998e+06
2.21049e+06
2.23812e+06
2.2401e+06
2.27458e+06
2.28701e+06
2.23562e+06
2.21457e+06
2.22647e+06
2.22332e+06
2.25677e+06
2.2739e+06
2.18502e+06
2.19175e+06
2.25561e+06
2.15867e+06
2.28275e+06
2.30374e+06
2.25631e+06
2.21261e+06
2.23025e+06
2.22935e+06
2.26728e+06
2.24165e+06
2.21563e+06
2.32766e+06
2.24788e+06
2.27917e+06
2.22979e+06
2.32802e+06
2.31145e+06
2.23329e+06
2.27353e+06
2.2412e+06
2.27466e+06
2.2106e+06
2.3036e+06
2.21836e+06
2.30917e+06
2.2168e+06
2.22806e+06
2.36704e+06
2.2624e+06
2.31826e+06
2.28171e+06
2.25974e+06
2.26967e+06
2.20758e+06
2.17627e+06
2.22786e+06
2.19243e+06
2.28565e+06
2.28955e+06
2.2512e+06
2.30828e+06
2.25324e+06
2.2625e+06
2.23555e+06
2.28225e+06
2.2297e+06
2.24587e+06
2.20449e+06
2.21086e+06
2.14596e+06
2.37233e+06
2.23469e+06
2.34437e+06
2.30317e+06
2.27857e+06
2.3004e+06
2.20999e+06
2.24486e+06
2.25824e+06
2.29713e+06
2.24341e+06
2.24441e+06
2.22361e+06
2.229e+06
2.24909e+06
2.33061e+06
2.20748e+06
2.29516e+06
2.29054e+06
2.29626e+06
2.2154e+06
2.3102e+06
2.2011e+06
2.32137e+06
2.18204e+06
2.33207e+06
2.23994e+06
2.25726e+06
2.21957e+06
2.324e+06
2.28179e+06
2.34206e+06
2.2759e+06
2.29268e+06
2.31121e+06
2.3203e+06
2.26185e+06
2.30788e+06
2.22215e+06
2.24223e+06
2.27805e+06
2.29389e+06
2.20797e+06
2.3105e+06
2.18124e+06
2.25799e+06
2.24352e+06
2.11197e+06
2.20811e+06
2.29072e+06
2.32534e+06
2.29979e+06
2.22965e+06
2.25266e+06
2.06865e+06
2.25883e+06
2.24252e+06
2.17675e+06
2.24086e+06
2.14614e+06
2.31956e+06
2.26752e+06
2.27593e+06
2.19857e+06
2.23708e+06
2.20564e+06
2.24048e+06
2.24047e+06
2.19907e+06
2.25923e+06
2.34533e+06
2.31798e+06
2.27018e+06
2.23064e+06
2.19444e+06
2.21287e+06
2.27111e+06
2.14783e+06
2.24382e+06
2.19533e+06
2.29033e+06
2.18639e+06
2.2536e+06
2.2844e+06
2.2404e+06
2.30923e+06
2.2333e+06
2.20445e+06
2.29665e+06
2.24031e+06
2.22176e+06
2.27689e+06
2.2295e+06
2.23202e+06
2.2546e+06
2.28502e+06
2.25568e+06
2.3053e+06
2.21148e+06
2.16104e+06
2.24829e+06
2.27481e+06
2.32783e+06
2.27199e+06
2.2271e+06
2.26382e+06
2.28525e+06
2.24889e+06
2.22071e+06
2.28458e+06
2.22467e+06
2.16369e+06
2.23991e+06
2.21435e+06
2.23538e+06
2.24366e+06
2.26485e+06
2.24051e+06
2.21343e+06
2.2342e+06
2.22285e+06
2.19043e+06
2.33998e+06
2.25312e+06
2.29872e+06
2.26636e+06
2.12175e+06
2.26618e+06
2.2246e+06
2.26693e+06
2.2531e+06
2.23283e+06
2.23501e+06
2.25371e+06
2.26206e+06
2.19075e+06
2.2791e+06
2.31009e+06
2.25822e+06
2.25698e+06
2.14255e+06
2.25744e+06
2.1485e+06
2.25135e+06
2.19717e+06
2.26626e+06
2.33562e+06
2.24896e+06
2.20514e+06
2.35816e+06
2.19854e+06
2.28994e+06
2.30867e+06
2.19077e+06
2.30558e+06
2.25975e+06
2.28566e+06
2.23839e+06
2.13049e+06
2.27139e+06
2.28528e+06
2.32306e+06
2.20019e+06
2.30119e+06
2.25484e+06
2.23642e+06
2.31363e+06
2.23021e+06
2.21472e+06
2.27732e+06
2.23684e+06
2.22049e+06
2.15349e+06
2.3086e+06
2.2443e+06
2.28292e+06
2.28823e+06
2.33695e+06
2.25535e+06
2.30887e+06
2.21335e+06
2.32328e+06
2.30433e+06
2.38022e+06
2.26968e+06
2.20222e+06
2.36683e+06
2.2866e+06
2.31695e+06
2.13447e+06
2.17559e+06
2.26585e+06
2.11712e+06
2.25883e+06
2.22859e+06
2.2066e+06
2.22478e+06
2.23381e+06
2.22089e+06
2.2932e+06
2.24968e+06
2.26398e+06
2.18949e+06
2.1879e+06
2.17254e+06
2.15073e+06
2.20848e+06
2.26349e+06
2.28769e+06
2.22299e+06
2.2177e+06
2.22735e+06
2.19025e+06
2.31592e+06
2.25032e+06
2.2161e+06
2.27971e+06
2.20774e+06
2.24622e+06
2.28715e+06
2.20869e+06
2.26267e+06
2.26785e+06
2.2545e+06
2.26138e+06
2.20439e+06
2.2524e+06
2.17317e+06
2.23831e+06
2.16734e+06
2.16227e+06
2.20032e+06
2.25622e+06
2.24153e+06
2.21454e+06
2.30709e+06
2.28504e+06
2.23947e+06
2.26552e+06
2.27177e+06
2.25295e+06
2.2509e+06
2.27298e+06
2.29558e+06
2.24752e+06
2.21569e+06
2.24287e+06
2.23632e+06
2.32077e+06
2.27903e+06
2.2422e+06
2.31284e+06
2.23951e+06
2.29405e+06
2.23858e+06
2.26537e+06
2.23619e+06
2.19679e+06
2.19749e+06
2.2427e+06
2.14481e+06
2.24933e+06
2.23555e+06
2.27097e+06
2.16122e+06
2.21402e+06
2.28474e+06
2.29225e+06
2.24884e+06
2.21804e+06
2.28001e+06
2.32325e+06
2.16126e+06
2.2739e+06
2.19058e+06
2.29236e+06
2.20676e+06
2.20236e+06
2.23646e+06
2.17092e+06
2.2403e+06
2.27916e+06
2.22013e+06
2.21652e+06
2.17797e+06
2.21863e+06
2.20302e+06
2.24328e+06
2.33533e+06
2.20682e+06
2.19046e+06
2.28203e+06
2.27996e+06
2.21676e+06
2.24772e+06
2.20957e+06
2.28484e+06
2.29652e+06
2.36193e+06
2.19741e+06
2.18989e+06
2.2595e+06
2.24009e+06
2.29106e+06
2.19676e+06
2.2395e+06
2.22694e+06
2.27827e+06
2.22938e+06
2.35147e+06
2.23093e+06
2.17966e+06
2.23531e+06
2.26744e+06
2.31957e+06
2.2748e+06
2.17418e+06
2.25386e+06
2.22753e+06
2.22866e+06
2.22624e+06
2.31221e+06
2.25061e+06
2.22695e+06
2.27646e+06
2.21994e+06
2.26581e+06
2.29788e+06
2.34229e+06
2.29075e+06
2.32979e+06
2.15201e+06
2.26508e+06
2.28777e+06
2.20997e+06
2.13559e+06
2.26906e+06
2.24577e+06
2.33603e+06
2.25204e+06
2.29417e+06
2.29887e+06
