2.22404e+06
2.33549e+06
2.15424e+06
2.2065e+06
2.21341e+06
2.17957e+06
2.22974e+06
2.21363e+06
2.21848e+06
2.21284e+06
2.2268e+06
2.24652e+06
2.18973e+06
2.23418e+06
2.21594e+06
2.16738e+06
2.24651e+06
2.22623e+06
2.26936e+06
2.2317e+06
2.17591e+06
2.21563e+06
2.24636e+06
2.30465e+06
2.30005e+06
2.30486e+06
2.25071e+06
2.31489e+06
2.27062e+06
2.19757e+06
2.21969e+06
2.24075e+06
2.24765e+06
2.23548e+06
2.26836e+06
2.28702e+06
2.14576e+06
2.27821e+06
2.30845e+06
2.26754e+06
2.2892e+06
2.24631e+06
2.21316e+06
2.22424e+06
2.26977e+06
2.22993e+06
2.2066e+06
2.28855e+06
2.35578e+06
2.23308e+06
2.22727e+06
2.27048e+06
2.22832e+06
2.18741e+06
2.28826e+06
2.24733e+06
2.31923e+06
2.19293e+06
2.22147e+06
2.18903e+06
2.20411e+06
2.12025e+06
2.17115e+06
2.27055e+06
2.21618e+06
2.20856e+06
2.32101e+06
2.23673e+06
2.23756e+06
2.26195e+06
2.23419e+06
2.11763e+06
2.2186e+06
2.16605e+06
2.21863e+06
2.23918e+06
2.2891e+06
2.31908e+06
2.26516e+06
2.24741e+06
2.27423e+06
2.27968e+06
2.30943e+06
2.14137e+06
2.24783e+06
2.32178e+06
2.20832e+06
2.11063e+06
2.21464e+06
2.27103e+06
2.35503e+06
2.3069e+06
2.38641e+06
2.30501e+06
2.22049e+06
2.21629e+06
2.18959e+06
2.26622e+06
2.2569e+06
2.25252e+06
2.2606e+06
2.20102e+06
2.2402e+06
2.14495e+06
2.20525e+06
2.14544e+06
2.1227e+06
2.29575e+06
2.22515e+06
2.31237e+06
2.1931e+06
2.31404e+06
2.26827e+06
2.2438e+06
2.20768e+06
2.26066e+06
2.20495e+06
2.22932e+06
2.30331e+06
2.17498e+06
2.02488e+06
2.19766e+06
2.24238e+06
2.22013e+06
2.15589e+06
2.35507e+06
2.27723e+06
2.22138e+06
2.16312e+06
2.16796e+06
2.31361e+06
2.24629e+06
2.22158e+06
2.33097e+06
2.12892e+06
2.23065e+06
2.18e+06
2.25798e+06
2.22771e+06
2.29668e+06
2.1634e+06
2.19731e+06
2.14462e+06
2.17571e+06
2.30729e+06
2.27258e+06
2.34111e+06
2.24372e+06
2.26385e+06
2.23227e+06
2.10569e+06
2.27204e+06
2.33264e+06
2.33287e+06
2.24929e+06
2.23666e+06
2.21069e+06
2.19324e+06
2.3088e+06
2.1498e+06
2.23845e+06
2.16731e+06
2.26615e+06
2.22652e+06
2.16388e+06
2.21888e+06
2.27894e+06
2.27988e+06
2.23869e+06
2.27023e+06
2.21368e+06
2.2531e+06
2.18549e+06
2.29176e+06
2.24088e+06
2.15568e+06
2.19685e+06
2.26301e+06
2.24609e+06
2.31223e+06
2.1858e+06
2.17744e+06
2.19675e+06
2.20249e+06
2.17635e+06
2.33587e+06
2.30419e+06
2.31096e+06
2.2868e+06
2.20178e+06
2.31777e+06
2.24389e+06
2.33204e+06
2.19515e+06
2.24895e+06
2.21354e+06
2.24277e+06
2.15885e+06
2.2435e+06
2.22147e+06
2.21781e+06
2.22321e+06
2.34719e+06
2.19037e+06
2.23711e+06
2.1811e+06
2.27795e+06
2.32466e+06
2.26217e+06
2.26402e+06
2.29828e+06
2.2076e+06
2.28678e+06
2.23855e+06
2.19942e+06
2.25378e+06
2.27556e+06
2.29196e+06
2.23105e+06
2.30834e+06
2.19885e+06
2.35433e+06
2.22498e+06
2.19999e+06
2.28092e+06
2.19173e+06
2.27249e+06
2.27993e+06
2.22425e+06
2.21362e+06
2.25862e+06
2.2792e+06
2.33468e+06
2.24803e+06
2.26847e+06
2.24687e+06
2.27201e+06
2.27221e+06
2.21567e+06
2.2823e+06
2.26631e+06
2.28317e+06
2.29423e+06
2.2335e+06
2.32353e+06
2.28134e+06
2.23693e+06
2.25332e+06
2.16971e+06
2.28553e+06
2.19098e+06
2.26566e+06
2.3005e+06
2.30548e+06
2.21005e+06
2.21751e+06
2.25295e+06
2.19122e+06
2.2271e+06
2.20018e+06
2.28036e+06
2.2465e+06
2.31067e+06
2.29346e+06
2.23897e+06
2.19024e+06
2.27329e+06
2.25638e+06
2.30659e+06
2.19414e+06
2.26646e+06
2.24756e+06
2.20451e+06
2.21418e+06
2.27142e+06
2.26192e+06
2.18522e+06
2.17123e+06
2.28505e+06
2.27283e+06
2.24026e+06
2.27306e+06
2.22241e+06
2.09161e+06
2.30117e+06
2.1228e+06
2.1637e+06
2.22697e+06
2.1342e+06
2.17286e+06
2.24508e+06
2.25852e+06
2.2227e+06
2.34061e+06
2.35321e+06
2.23318e+06
2.25411e+06
2.26269e+06
2.12843e+06
2.29976e+06
2.28412e+06
2.25948e+06
2.19883e+06
2.15828e+06
2.23832e+06
2.21097e+06
2.29698e+06
2.31538e+06
2.29395e+06
2.18851e+06
2.23542e+06
2.16763e+06
2.25383e+06
2.26983e+06
2.31185e+06
2.28705e+06
2.32524e+06
2.28758e+06
2.28248e+06
2.26894e+06
2.31441e+06
2.18001e+06
2.16562e+06
2.2074e+06
2.36452e+06
2.26192e+06
2.1658e+06
2.24756e+06
2.25771e+06
2.10847e+06
2.17024e+06
2.29124e+06
2.27904e+06
2.29154e+06
2.31934e+06
2.32274e+06
2.13957e+06
2.30291e+06
2.33934e+06
2.30405e+06
2.29765e+06
2.23831e+06
2.23628e+06
2.16067e+06
2.20911e+06
2.27205e+06
2.14755e+06
2.18504e+06
2.13063e+06
2.35868e+06
2.32974e+06
2.23404e+06
2.24518e+06
2.23032e+06
2.26036e+06
2.31754e+06
2.31576e+06
2.22101e+06
2.31347e+06
2.22337e+06
2.26355e+06
2.31182e+06
2.24211e+06
2.20269e+06
2.26908e+06
2.20738e+06
2.25376e+06
2.29187e+06
2.23779e+06
2.27388e+06
2.13995e+06
2.19901e+06
2.24047e+06
2.22978e+06
2.22325e+06
2.22875e+06
2.36339e+06
2.26714e+06
2.20852e+06
2.25888e+06
2.2042e+06
2.22527e+06
2.15452e+06
2.23617e+06
2.27045e+06
2.20912e+06
2.32825e+06
2.27032e+06
2.2099e+06
2.27016e+06
2.22809e+06
2.29733e+06
2.26753e+06
2.31513e+06
2.26712e+06
2.21328e+06
2.26598e+06
2.21922e+06
2.27703e+06
2.29491e+06
2.19765e+06
2.27772e+06
2.20953e+06
2.2442e+06
2.28225e+06
2.30881e+06
2.20777e+06
2.2913e+06
2.28393e+06
2.26971e+06
2.32811e+06
2.29091e+06
2.30337e+06
2.27008e+06
2.20276e+06
2.28699e+06
2.19571e+06
2.24426e+06
2.27309e+06
2.22428e+06
2.1938e+06
2.23299e+06
2.23326e+06
2.2525e+06
2.26885e+06
2.16034e+06
2.29215e+06
2.20507e+06
2.23655e+06
2.29299e+06
2.22268e+06
2.18885e+06
2.17498e+06
2.2077e+06
2.32033e+06
2.28874e+06
2.22177e+06
2.25174e+06
2.2716e+06
2.30753e+06
2.26086e+06
2.24282e+06
2.23268e+06
2.28574e+06
2.18011e+06
2.20118e+06
2.21934e+06
2.15925e+06
2.29959e+06
2.20712e+06
2.25069e+06
2.17959e+06
2.25948e+06
2.19817e+06
2.16506e+06
2.16417e+06
2.24921e+06
2.26008e+06
2.24422e+06
2.25641e+06
2.06321e+06
2.32147e+06
2.21124e+06
2.18268e+06
2.29147e+06
2.23765e+06
2.12747e+06
2.22591e+06
2.26585e+06
2.2548e+06
2.28201e+06
2.22106e+06
2.27101e+06
2.24632e+06
2.28584e+06
2.22791e+06
2.23461e+06
2.26487e+06
2.19962e+06
2.3045e+06
2.25843e+06
2.18552e+06
2.25469e+06
2.21948e+06
2.24086e+06
2.27446e+06
2.26824e+06
2.21944e+06
2.36301e+06
2.17798e+06
2.23211e+06
2.20751e+06
2.27909e+06
2.28047e+06
2.20359e+06
2.24247e+06
2.23948e+06
2.2967e+06
2.32362e+06
2.24534e+06
2.1194e+06
2.24553e+06
2.17193e+06
2.26717e+06
2.19266e+06
2.29415e+06
2.23326e+06
2.1833e+06
2.19797e+06
2.22288e+06
2.19321e+06
2.18028e+06
2.21553e+06
2.34742e+06
2.21783e+06
2.3808e+06
2.22079e+06
2.13426e+06
2.28488e+06
2.16593e+06
2.18669e+06
2.19766e+06
2.13859e+06
2.1877e+06
2.18866e+06
2.26174e+06
2.25542e+06
2.24864e+06
2.26294e+06
2.17105e+06
2.30253e+06
2.36278e+06
2.32026e+06
2.24999e+06
2.23911e+06
2.21729e+06
2.24516e+06
2.25997e+06
2.29848e+06
2.25382e+06
2.3262e+06
2.20219e+06
2.23447e+06
2.2545e+06
2.29129e+06
2.20357e+06
2.22986e+06
2.2484e+06
2.29463e+06
2.29732e+06
2.2849e+06
2.35066e+06
2.26005e+06
2.2456e+06
2.29418e+06
2.31137e+06
2.22305e+06
2.31073e+06
2.23907e+06
2.31579e+06
2.13905e+06
2.23401e+06
2.21661e+06
2.17275e+06
2.27219e+06
2.31739e+06
2.21072e+06
2.26751e+06
2.28299e+06
2.22815e+06
2.33148e+06
2.23118e+06
2.16147e+06
2.23558e+06
2.24226e+06
2.21901e+06
2.22323e+06
2.29197e+06
2.2112e+06
2.17383e+06
2.35758e+06
2.27519e+06
2.25391e+06
2.18277e+06
2.17215e+06
2.2051e+06
2.20723e+06
2.31872e+06
2.19748e+06
2.22764e+06
2.31816e+06
2.20139e+06
2.22712e+06
2.21794e+06
2.22733e+06
2.21242e+06
2.23522e+06
2.18685e+06
2.25112e+06
2.18118e+06
2.2382e+06
2.26096e+06
2.13495e+06
2.16929e+06
2.20645e+06
2.30514e+06
2.14095e+06
2.22542e+06
2.11735e+06
2.26866e+06
2.1996e+06
2.28037e+06
2.20286e+06
2.23542e+06
2.26515e+06
2.24234e+06
2.22332e+06
2.29911e+06
2.26929e+06
2.23708e+06
2.25016e+06
2.12589e+06
2.17758e+06
2.27637e+06
2.10903e+06
2.19038e+06
2.2605e+06
2.2929e+06
2.21331e+06
2.32705e+06
2.23186e+06
2.23178e+06
2.26871e+06
2.28065e+06
2.26435e+06
2.18944e+06
2.24684e+06
2.24464e+06
2.21534e+06
2.25825e+06
2.23221e+06
2.25158e+06
2.23423e+06
2.23943e+06
2.21325e+06
2.22684e+06
2.21715e+06
2.2588e+06
2.22474e+06
2.22235e+06
2.2719e+06
2.24215e+06
2.23746e+06
2.27195e+06
2.25087e+06
2.30722e+06
2.26264e+06
2.22499e+06
2.32596e+06
2.19007e+06
2.23794e+06
2.21304e+06
2.2083e+06
2.32425e+06
2.26343e+06
2.28844e+06
2.23505e+06
2.15077e+06
2.28025e+06
2.31758e+06
2.20821e+06
2.2235e+06
2.28494e+06
2.32644e+06
2.28781e+06
2.26506e+06
2.21178e+06
2.244e+06
2.1908e+06
2.20826e+06
2.30315e+06
2.27557e+06
2.247e+06
2.2364e+06
2.15826e+06
2.31126e+06
2.26161e+06
2.14753e+06
2.30709e+06
2.32813e+06
2.28057e+06
2.26641e+06
2.18258e+06
2.22874e+06
2.23412e+06
2.27952e+06
2.26568e+06
2.21841e+06
2.24036e+06
2.18533e+06
2.26522e+06
2.20118e+06
2.24965e+06
2.11e+06
2.15042e+06
2.23032e+06
2.29024e+06
2.23744e+06
2.27338e+06
2.24778e+06
2.11312e+06
2.18492e+06
2.1982e+06
2.29234e+06
2.28789e+06
2.16197e+06
2.31905e+06
2.27676e+06
2.17697e+06
2.19701e+06
2.28271e+06
2.17952e+06
2.26157e+06
2.19372e+06
2.30795e+06
2.27844e+06
2.29954e+06
2.23874e+06
2.24707e+06
2.26492e+06
2.26744e+06
2.27664e+06
2.27664e+06
2.18135e+06
2.30789e+06
2.20323e+06
2.27224e+06
2.27488e+06
2.29015e+06
2.24404e+06
2.26743e+06
2.21599e+06
2.17564e+06
2.26389e+06
2.25998e+06
2.20222e+06
2.31139e+06
2.22244e+06
2.20068e+06
2.19745e+06
2.18063e+06
2.26246e+06
2.29081e+06
2.3058e+06
2.23533e+06
2.27292e+06
2.27042e+06
2.36185e+06
2.31706e+06
2.20213e+06
2.18751e+06
2.17713e+06
2.25218e+06
2.35256e+06
2.26218e+06
2.19835e+06
2.18774e+06
2.27578e+06
2.19803e+06
2.20862e+06
2.26272e+06
2.23554e+06
2.24378e+06
2.34375e+06
2.22075e+06
2.27929e+06
2.2662e+06
2.25725e+06
2.14225e+06
2.30693e+06
2.23006e+06
2.15662e+06
2.24256e+06
2.23224e+06
2.26317e+06
2.26225e+06
2.23102e+06
2.2359e+06
2.23068e+06
2.20467e+06
2.27655e+06
2.1893e+06
2.19774e+06
2.18763e+06
2.27656e+06
2.30305e+06
2.16512e+06
2.24035e+06
2.23096e+06
2.27355e+06
2.32616e+06
2.19999e+06
2.27309e+06
2.293e+06
2.25663e+06
2.31733e+06
2.25159e+06
2.29209e+06
2.2972e+06
2.23887e+06
2.26015e+06
2.15632e+06
2.229e+06
2.31721e+06
2.23399e+06
2.19308e+06
2.2697e+06
2.32129e+06
2.29431e+06
2.23033e+06
2.27335e+06
2.30444e+06
2.21323e+06
2.21705e+06
2.22438e+06
2.17102e+06
2.20362e+06
2.366e+06
2.30584e+06
2.27048e+06
2.22534e+06
2.21903e+06
2.19524e+06
2.31376e+06
2.2572e+06
2.21091e+06
2.24948e+06
2.24066e+06
2.26644e+06
2.12109e+06
2.28122e+06
2.25831e+06
2.21787e+06
2.28815e+06
2.28742e+06
2.17099e+06
2.1781e+06
2.26494e+06
2.13218e+06
2.12654e+06
2.29617e+06
2.18449e+06
2.25814e+06
2.22428e+06
2.2972e+06
2.2389e+06
2.26937e+06
2.29364e+06
2.3357e+06
2.24794e+06
2.2374e+06
2.27318e+06
2.17105e+06
2.31108e+06
2.31189e+06
2.28234e+06
2.28129e+06
2.29548e+06
2.24098e+06
2.13773e+06
2.19154e+06
2.2689e+06
2.23859e+06
2.30062e+06
2.32677e+06
2.24663e+06
2.24998e+06
2.29018e+06
2.24791e+06
2.24978e+06
2.27801e+06
2.27441e+06
2.16139e+06
2.25551e+06
2.25058e+06
2.26267e+06
2.18778e+06
2.23267e+06
2.22661e+06
2.20863e+06
2.1962e+06
2.25312e+06
2.25602e+06
2.25718e+06
2.28099e+06
2.17803e+06
2.25267e+06
2.23472e+06
2.21766e+06
2.22237e+06
2.14861e+06
2.2627e+06
2.17041e+06
2.28855e+06
2.23153e+06
2.28472e+06
2.19324e+06
2.2674e+06
2.19089e+06
2.21205e+06
2.28449e+06
2.23376e+06
2.19314e+06
2.24487e+06
2.27227e+06
2.31305e+06
2.17456e+06
2.27736e+06
2.26568e+06
2.32996e+06
2.18518e+06
2.29113e+06
2.30339e+06
2.15826e+06
2.23746e+06
2.12468e+06
2.21267e+06
2.22331e+06
2.28546e+06
2.24249e+06
2.32386e+06
2.30043e+06
2.21945e+06
2.19928e+06
2.24865e+06
2.31652e+06
2.25292e+06
2.1966e+06
2.2477e+06
2.30511e+06
2.37633e+06
2.2175e+06
2.2694e+06
2.14139e+06
2.20744e+06
2.16142e+06
2.26944e+06
2.32215e+06
2.22799e+06
2.23833e+06
2.41173e+06
2.21357e+06
2.25826e+06
2.37967e+06
2.28497e+06
2.28551e+06
2.19841e+06
2.22604e+06
2.18699e+06
2.24016e+06
2.30153e+06
2.26288e+06
2.30538e+06
2.33185e+06
2.22702e+06
2.18128e+06
2.13993e+06
2.24004e+06
2.23746e+06
2.21708e+06
2.27697e+06
2.23686e+06
2.26718e+06
2.28056e+06
2.30214e+06
2.17429e+06
2.24358e+06
2.25755e+06
2.3152e+06
2.30331e+06
2.2763e+06
2.16015e+06
2.1214e+06
2.19694e+06
2.17723e+06
2.19463e+06
2.26287e+06
2.26176e+06
2.25956e+06
2.18909e+06
2.1774e+06
2.2875e+06
2.22173e+06
2.27268e+06
2.21643e+06
2.32506e+06
2.3226e+06
2.24802e+06
2.28774e+06
2.21155e+06
